RealTimeStep Cycle rho   rhoV[0]   rhoV[1]   rhoV[2]   rhoE   rhok   rhoOmega   probe1@MHH@63.3_V_x   probe1@MHH@63.3_V_y   probe1@MHH@63.3_V_z   probe1@MHH@63.3_ti   probe2@MHH@63.3_V_x   probe2@MHH@63.3_V_y   probe2@MHH@63.3_V_z   probe2@MHH@63.3_ti   probe3@MHH@63.3_V_x   probe3@MHH@63.3_V_y   probe3@MHH@63.3_V_z   probe3@MHH@63.3_ti   T001_omega   T001_power   T001_uref   T003_omega   T003_power   T003_uref   T002_omega   T002_power   T002_uref 
0 1 8.78663400E-08   4.59887178E-06   6.33936168E-07   6.71325552E-07   3.17495278E-07   1.24376399E-07   9.72692287E-05   9.93791199E+00   -5.35569247E-03   -4.20260848E-03   1.05742455E-01   9.96400261E+00   1.88327604E-03   -3.24045680E-03   1.05465956E-01   9.95306873E+00   -9.07179713E-03   4.99501731E-03   1.05580188E-01   1.68640065E+00   2.15239525E+06   9.69944859E+00   1.68640351E+00   2.15217475E+06   9.69723606E+00   1.68640041E+00   2.15241800E+06   9.69967842E+00 
0 10 2.67920655E-07   3.82846838E-06   1.85033196E-06   1.30387264E-06   9.22692038E-07   1.00169717E-09   8.98228052E-07   9.52648354E+00   -7.42632151E-02   -2.82551590E-02   1.10313185E-01   9.60012531E+00   -3.55657898E-02   -2.06997860E-02   1.09463751E-01   9.52764416E+00   -9.04663354E-02   3.16551477E-02   1.10242769E-01   1.67936063E+00   2.08650400E+06   9.03795147E+00   1.67911232E+00   2.08541850E+06   9.02705383E+00   1.67947757E+00   2.08702188E+06   9.04315090E+00 
0 20 2.57522970E-07   3.49770471E-06   2.21315645E-06   1.81874805E-06   8.63905257E-07   1.34688882E-09   1.05953143E-06   9.81216431E+00   -2.00268462E-01   -5.94658032E-02   1.07065573E-01   9.77187157E+00   -9.98240784E-02   -1.58149488E-02   1.07496880E-01   9.65910625E+00   -1.60476074E-01   4.97404709E-02   1.08717650E-01   1.67572403E+00   2.07212712E+06   8.89361763E+00   1.67565691E+00   2.07188675E+06   8.89120579E+00   1.67597520E+00   2.07303200E+06   8.90270233E+00 
0 30 1.94038691E-07   3.07136315E-06   2.22547965E-06   1.78686219E-06   6.25576831E-07   1.69371606E-09   1.24820406E-06   1.01035452E+01   -2.42980078E-01   -8.27342495E-02   1.04046486E-01   1.01300659E+01   -1.49581999E-01   -2.87750717E-02   1.03792980E-01   9.99144840E+00   -2.35813558E-01   4.73061055E-02   1.05234772E-01   1.67687786E+00   2.05847612E+06   8.83706856E+00   1.67655802E+00   2.06155838E+06   8.84870815E+00   1.67663944E+00   2.06077975E+06   8.84576702E+00 
0 40 1.44145659E-07   2.65365111E-06   1.91026379E-06   1.58934529E-06   4.65733820E-07   1.25073707E-09   9.82396159E-07   1.02052479E+01   -2.65107870E-01   -1.09344743E-01   1.03083439E-01   1.03224621E+01   -1.89819053E-01   -6.51546940E-02   1.01983562E-01   1.00943251E+01   -2.51043439E-01   3.90068628E-02   1.04262426E-01   1.68061101E+00   2.01597325E+06   8.67657471E+00   1.68001986E+00   2.02378425E+06   8.70606995E+00   1.68053937E+00   2.01695188E+06   8.68026924E+00 
0 50 1.17956951E-07   2.49105597E-06   1.60365630E-06   1.40679981E-06   3.79403929E-07   9.83759185E-10   7.96751578E-07   1.01976480E+01   -2.61929393E-01   -1.07344069E-01   1.03217341E-01   1.03546047E+01   -1.88871711E-01   -7.29475468E-02   1.01736888E-01   1.00709810E+01   -2.28978723E-01   4.93819416E-02   1.04556628E-01   1.68330097E+00   1.96810900E+06   8.49583530E+00   1.68279052E+00   1.97983188E+06   8.54010201E+00   1.68334961E+00   1.96686225E+06   8.49112701E+00 
0 60 9.96240885E-08   2.48983679E-06   1.38892437E-06   1.23193138E-06   3.16464082E-07   9.04870734E-10   6.95711606E-07   1.01878004E+01   -2.43811443E-01   -1.02036893E-01   1.03373140E-01   1.03293486E+01   -1.77083477E-01   -6.31711483E-02   1.02044106E-01   1.00277119E+01   -1.91726968E-01   6.37052581E-02   1.05073057E-01   1.68434012E+00   1.92610575E+06   8.33722687E+00   1.68413877E+00   1.93970788E+06   8.38858986E+00   1.68437362E+00   1.92224262E+06   8.32263947E+00 
0 70 8.48128039E-08   2.41586554E-06   1.23007123E-06   1.09862845E-06   2.66413139E-07   8.77651118E-10   6.20128276E-07   1.01796484E+01   -2.15307847E-01   -1.06167793E-01   1.03544660E-01   1.03277521E+01   -1.70547381E-01   -7.38456324E-02   1.02153659E-01   9.99511719E+00   -1.36868268E-01   6.28153682E-02   1.05519235E-01   1.68421936E+00   1.88831238E+06   8.19451618E+00   1.68439066E+00   1.90396238E+06   8.25361156E+00   1.68413472E+00   1.88362712E+06   8.17682457E+00 
0 80 7.28821661E-08   2.23529446E-06   1.10659141E-06   1.00664693E-06   2.21791012E-07   9.03332686E-10   5.75042179E-07   1.01427984E+01   -1.94010168E-01   -1.07199281E-01   1.04029201E-01   1.03174286E+01   -1.60105020E-01   -9.25235450E-02   1.02371156E-01   9.94183445E+00   -8.90919566E-02   5.86774535E-02   1.06199197E-01   1.68326879E+00   1.85462275E+06   8.06730175E+00   1.68388975E+00   1.87314388E+06   8.13723850E+00   1.68313360E+00   1.85133838E+06   8.05489922E+00 
0 90 6.41453539E-08   2.04473758E-06   1.00718000E-06   9.38204494E-07   1.88013090E-07   9.27197985E-10   5.38280460E-07   1.00858297E+01   -1.76585048E-01   -1.07764162E-01   1.04733266E-01   1.02775259E+01   -1.41434714E-01   -1.02823876E-01   1.02884896E-01   9.87686348E+00   -5.60233630E-02   5.76626472E-02   1.07003510E-01   1.68192065E+00   1.82740912E+06   7.96454048E+00   1.68301976E+00   1.84870612E+06   8.04496002E+00   1.68185890E+00   1.82637025E+06   7.96061754E+00 
0 100 5.87081637E-08   1.89052219E-06   9.28604095E-07   8.80153152E-07   1.72221078E-07   9.38630063E-10   5.01244813E-07   1.00361795E+01   -1.59516528E-01   -1.13419369E-01   1.05368175E-01   1.02416658E+01   -1.28612101E-01   -1.06686659E-01   1.03363015E-01   9.83345509E+00   -3.58152166E-02   5.49553037E-02   1.07579149E-01   1.68072879E+00   1.80919600E+06   7.89576626E+00   1.68221164E+00   1.83248975E+06   7.98372555E+00   1.68078101E+00   1.80992650E+06   7.89852476E+00 
0 110 5.06800113E-08   1.76489573E-06   8.71599468E-07   8.35593710E-07   1.49190726E-07   9.46256185E-10   4.65279612E-07   1.00124969E+01   -1.44706964E-01   -1.22823961E-01   1.05732888E-01   1.02274466E+01   -1.24869578E-01   -1.09269381E-01   1.03623234E-01   9.81795788E+00   -2.44119652E-02   4.72982861E-02   1.07850403E-01   1.68000031E+00   1.79951025E+06   7.85919237E+00   1.68170536E+00   1.82383988E+06   7.95106316E+00   1.68015921E+00   1.80155025E+06   7.86689568E+00 
0 120 4.25116831E-08   1.64333835E-06   8.27804001E-07   8.06609876E-07   1.23937809E-07   9.58979673E-10   4.35532115E-07   1.00052195E+01   -1.34445027E-01   -1.32330894E-01   1.05918892E-01   1.02206430E+01   -1.29292965E-01   -1.13367304E-01   1.03801377E-01   9.81467056E+00   -1.94819272E-02   3.74503173E-02   1.07977092E-01   1.67957652E+00   1.79424150E+06   7.83929682E+00   1.68138266E+00   1.81874588E+06   7.93182755E+00   1.67982638E+00   1.79731875E+06   7.85091686E+00 
0 130 3.86222503E-08   1.51681559E-06   7.87971771E-07   7.78656613E-07   1.12225493E-07   9.83388704E-10   4.19496246E-07   9.99264908E+00   -1.28598347E-01   -1.34199649E-01   1.06153481E-01   1.02065134E+01   -1.39748588E-01   -1.15323611E-01   1.04043067E-01   9.80876541E+00   -1.50513770E-02   3.21552046E-02   1.08116284E-01   1.67905688E+00   1.78808788E+06   7.81606054E+00   1.68096602E+00   1.81255475E+06   7.90844917E+00   1.67940199E+00   1.79213925E+06   7.83135891E+00 
0 140 3.59015822E-08   1.40148700E-06   7.48771356E-07   7.47068498E-07   1.03154164E-07   1.00589836E-09   4.08488518E-07   9.96664715E+00   -1.26922116E-01   -1.23899117E-01   1.06525786E-01   1.01787729E+01   -1.51624918E-01   -1.11373909E-01   1.04410343E-01   9.79122543E+00   -1.21528851E-02   3.71108390E-02   1.08364932E-01   1.67815232E+00   1.77804962E+06   7.77815533E+00   1.68027651E+00   1.80308125E+06   7.87267685E+00   1.67864227E+00   1.78338912E+06   7.79831743E+00 
0 150 3.21667244E-08   1.30467049E-06   7.04861577E-07   7.15033593E-07   8.98334775E-08   1.01087239E-09   3.91898652E-07   9.93327808E+00   -1.30816311E-01   -1.05724268E-01   1.06973656E-01   1.01429739E+01   -1.59091398E-01   -1.01337820E-01   1.04846150E-01   9.76383305E+00   -1.44689083E-02   5.10273911E-02   1.08703911E-01   1.67687237E+00   1.76501312E+06   7.72892809E+00   1.67934859E+00   1.79150388E+06   7.82895947E+00   1.67757893E+00   1.77205875E+06   7.75553322E+00 
0 160 3.00800416E-08   1.21508970E-06   6.50081518E-07   6.77714354E-07   8.46045154E-08   9.97859573E-10   3.69039867E-07   9.90429306E+00   -1.38693318E-01   -8.91610980E-02   1.07368581E-01   1.01102524E+01   -1.60179242E-01   -8.88213664E-02   1.05235100E-01   9.73764420E+00   -2.20729224E-02   6.62216023E-02   1.09014198E-01   1.67551172E+00   1.75204800E+06   7.68023586E+00   1.67838299E+00   1.78053612E+06   7.78754425E+00   1.67645359E+00   1.76099250E+06   7.71374607E+00 
0 170 2.95075875E-08   1.12558143E-06   5.88453759E-07   6.28835437E-07   8.61560281E-08   9.79859527E-10   3.46551161E-07   9.88813400E+00   -1.45885304E-01   -8.16076621E-02   1.07612044E-01   1.00871010E+01   -1.57991171E-01   -7.92620257E-02   1.05507120E-01   9.72121048E+00   -3.04384865E-02   7.49475136E-02   1.09205246E-01   1.67666698E+00   1.73497325E+06   7.64293575E+00   1.67758036E+00   1.77207288E+06   7.75558662E+00   1.67551708E+00   1.75236750E+06   7.68117714E+00 
0 180 2.73323781E-08   1.03976367E-06   5.31327430E-07   5.72194836E-07   8.03823710E-08   9.64981095E-10   3.28923250E-07   9.88372898E+00   -1.50113553E-01   -8.48109350E-02   1.07706487E-01   1.00731649E+01   -1.56670257E-01   -7.65840784E-02   1.05665229E-01   9.71454716E+00   -3.43115069E-02   7.39704296E-02   1.09280877E-01   1.67734027E+00   1.72434562E+06   7.61971903E+00   1.67700434E+00   1.76630350E+06   7.73380089E+00   1.67616093E+00   1.74261900E+06   7.65963793E+00 
0 190 2.37191582E-08   9.58511237E-07   4.84946554E-07   5.17561318E-07   6.77199949E-08   9.52595114E-10   3.16271667E-07   9.88418388E+00   -1.52236372E-01   -9.47335586E-02   1.07722409E-01   1.00635529E+01   -1.57834187E-01   -8.06300938E-02   1.05764858E-01   9.71179867E+00   -3.18277515E-02   6.60712644E-02   1.09308623E-01   1.67770541E+00   1.71833562E+06   7.60658979E+00   1.67659163E+00   1.76230538E+06   7.71870375E+00   1.67659080E+00   1.73614138E+06   7.64548731E+00 
0 200 2.15072209E-08   8.79068068E-07   4.47133260E-07   4.69532210E-07   5.99802306E-08   9.41332901E-10   3.07379992E-07   9.88109016E+00   -1.53668344E-01   -1.03706203E-01   1.07754633E-01   1.00525017E+01   -1.60719916E-01   -8.70341659E-02   1.05873115E-01   9.70686054E+00   -2.53796615E-02   5.79417497E-02   1.09357320E-01   1.67796206E+00   1.71399762E+06   7.59711361E+00   1.67623758E+00   1.75895975E+06   7.70606995E+00   1.67694044E+00   1.73072275E+06   7.63365030E+00 
0 210 2.11096278E-08   8.03159310E-07   4.15181233E-07   4.28509424E-07   5.92822644E-08   9.29745669E-10   3.00187565E-07   9.86867523E+00   -1.55180752E-01   -1.05480932E-01   1.07875869E-01   1.00359926E+01   -1.63381293E-01   -9.03495625E-02   1.06038600E-01   9.69686127E+00   -1.94796287E-02   5.54715432E-02   1.09459765E-01   1.67827582E+00   1.70855350E+06   7.58522034E+00   1.67585826E+00   1.75545500E+06   7.69283628E+00   1.67732573E+00   1.72458162E+06   7.62023497E+00 
0 220 2.05334292E-08   7.35476931E-07   3.87475978E-07   3.94211781E-07   5.73900039E-08   9.16623832E-10   2.92239577E-07   9.84584332E+00   -1.56834036E-01   -9.89581421E-02   1.08108044E-01   1.00128937E+01   -1.64683297E-01   -8.80917981E-02   1.06277101E-01   9.68190861E+00   -1.73890330E-02   5.99776879E-02   1.09616369E-01   1.67871678E+00   1.70061588E+06   7.56788015E+00   1.67560101E+00   1.75077438E+06   7.67745399E+00   1.67779732E+00   1.71679350E+06   7.60322094E+00 
0 230 1.92697005E-08   6.78575702E-07   3.61929011E-07   3.64432196E-07   5.28630508E-08   9.02273645E-10   2.82413254E-07   9.81648064E+00   -1.58280790E-01   -8.79105330E-02   1.08415268E-01   9.98528290E+00   -1.64636955E-01   -8.22319314E-02   1.06567785E-01   9.66384125E+00   -1.90481227E-02   6.83325306E-02   1.09808519E-01   1.67924368E+00   1.69062888E+06   7.54606342E+00   1.67614543E+00   1.74284750E+06   7.66013718E+00   1.67832911E+00   1.70761150E+06   7.58316278E+00 
0 240 1.79716295E-08   6.29748968E-07   3.37020168E-07   3.36291947E-07   4.91503904E-08   8.88017437E-10   2.71138049E-07   9.78758430E+00   -1.58942848E-01   -7.77369365E-02   1.08723596E-01   9.95732307E+00   -1.63787603E-01   -7.68477619E-02   1.06865518E-01   9.64468098E+00   -2.19717417E-02   7.61563480E-02   1.10015616E-01   1.67975211E+00   1.68038000E+06   7.52367449E+00   1.67669976E+00   1.73446862E+06   7.64183331E+00   1.67884481E+00   1.69824075E+06   7.56269217E+00 
0 250 1.66685670E-08   5.86036094E-07   3.12149780E-07   3.09387474E-07   4.62699532E-08   8.75988948E-10   2.59838060E-07   9.76523590E+00   -1.58391774E-01   -7.17144832E-02   1.08965993E-01   9.93316364E+00   -1.62525892E-01   -7.44815022E-02   1.07124262E-01   9.62681484E+00   -2.34910641E-02   8.10398385E-02   1.10212110E-01   1.68015170E+00   1.67182088E+06   7.50497627E+00   1.67721093E+00   1.72643150E+06   7.62427568E+00   1.67927277E+00   1.69005812E+06   7.54481649E+00 
0 260 1.50678225E-08   5.47321633E-07   2.87695798E-07   2.83975055E-07   4.22787281E-08   8.67571626E-10   2.49642710E-07   9.75150108E+00   -1.56884387E-01   -6.96337447E-02   1.09118171E-01   9.91480541E+00   -1.61011204E-01   -7.46024624E-02   1.07321478E-01   9.61212254E+00   -2.26789601E-02   8.35469514E-02   1.10376880E-01   1.68041313E+00   1.66593850E+06   7.49212646E+00   1.67763507E+00   1.71950775E+06   7.60915041E+00   1.67959058E+00   1.68370850E+06   7.53094578E+00 
0 270 1.33343177E-08   5.14301689E-07   2.64542933E-07   2.60035080E-07   3.74837725E-08   8.62649452E-10   2.41097212E-07   9.74421501E+00   -1.55214027E-01   -6.90101385E-02   1.09202549E-01   9.90119171E+00   -1.59581140E-01   -7.48103485E-02   1.07468806E-01   9.60107231E+00   -2.04965584E-02   8.55987072E-02   1.10503621E-01   1.68056643E+00   1.66237000E+06   7.48433065E+00   1.67796075E+00   1.71401888E+06   7.59715986E+00   1.67983246E+00   1.67869888E+06   7.52000189E+00 
0 280 1.19232570E-08   4.86358431E-07   2.42843697E-07   2.37318233E-07   3.38128174E-08   8.59693594E-10   2.33365213E-07   9.73920155E+00   -1.54105276E-01   -6.72536641E-02   1.09264188E-01   9.88913631E+00   -1.58897027E-01   -7.30252415E-02   1.07601672E-01   9.59285069E+00   -1.84965041E-02   8.85152593E-02   1.10599905E-01   1.68067157E+00   1.65986850E+06   7.47886610E+00   1.67820311E+00   1.70982838E+06   7.58800554E+00   1.68006122E+00   1.67380212E+06   7.50930452E+00 
0 290 1.10145528E-08   4.62068328E-07   2.22229247E-07   2.15741068E-07   3.20378035E-08   8.57199201E-10   2.25166346E-07   9.73285961E+00   -1.53824463E-01   -6.34788573E-02   1.09341793E-01   9.87537193E+00   -1.59410551E-01   -6.89603686E-02   1.07756063E-01   9.58613873E+00   -1.77021418E-02   9.23916847E-02   1.10679060E-01   1.68078279E+00   1.65717050E+06   7.47297239E+00   1.67838836E+00   1.70656075E+06   7.58086729E+00   1.68032432E+00   1.66796550E+06   7.49655437E+00 
0 300 1.03908366E-08   4.39892233E-07   2.02952066E-07   1.95395629E-07   3.10876871E-08   8.54433468E-10   2.16100545E-07   9.72365284E+00   -1.54088974E-01   -5.89084104E-02   1.09451197E-01   9.85872650E+00   -1.60872966E-01   -6.42464608E-02   1.07944444E-01   9.57991982E+00   -1.83447786E-02   9.64314491E-02   1.10751748E-01   1.68092537E+00   1.65362938E+06   7.46523619E+00   1.67854190E+00   1.70380588E+06   7.57484913E+00   1.68062389E+00   1.66100925E+06   7.48135805E+00 
0 310 9.69063851E-09   4.18724682E-07   1.85956139E-07   1.77046203E-07   2.94044682E-08   8.51418713E-10   2.06821611E-07   9.71219635E+00   -1.54282868E-01   -5.57017177E-02   1.09584466E-01   9.84054470E+00   -1.62506938E-01   -6.13208376E-02   1.08151101E-01   9.57374001E+00   -2.01046150E-02   9.96516943E-02   1.10823274E-01   1.68109381E+00   1.64931388E+06   7.45580912E+00   1.67868495E+00   1.70119988E+06   7.56915617E+00   1.68092620E+00   1.65360775E+06   7.46518946E+00 
0 320 8.76105855E-09   3.98350835E-07   1.71461579E-07   1.61297351E-07   2.64639279E-08   8.48316806E-10   1.98249921E-07   9.70020676E+00   -1.53892353E-01   -5.52125983E-02   1.09721765E-01   9.82319260E+00   -1.63708597E-01   -6.18107319E-02   1.08348675E-01   9.56740475E+00   -2.22903714E-02   1.01584464E-01   1.10896684E-01   1.68126714E+00   1.64470738E+06   7.44574594E+00   1.67883301E+00   1.69846062E+06   7.56317234E+00   1.68119490E+00   1.64664862E+06   7.44998693E+00 
0 330 7.89185606E-09   3.79280920E-07   1.58310229E-07   1.47244094E-07   2.36079138E-08   8.44941950E-10   1.90781307E-07   9.68926907E+00   -1.52806222E-01   -5.69536909E-02   1.09845169E-01   9.80798531E+00   -1.64570525E-01   -6.54806197E-02   1.08521439E-01   9.56072426E+00   -2.40055881E-02   1.02540471E-01   1.10974930E-01   1.68142617E+00   1.64031925E+06   7.43616009E+00   1.67899299E+00   1.69545275E+06   7.55660152E+00   1.68141901E+00   1.64052025E+06   7.43659925E+00 
0 340 7.43560502E-09   3.62280531E-07   1.46022217E-07   1.33418567E-07   2.24301999E-08   8.40839509E-10   1.84163170E-07   9.68006325E+00   -1.51330456E-01   -5.89527711E-02   1.09947421E-01   9.79420757E+00   -1.65807426E-01   -7.04692379E-02   1.08676799E-01   9.55366421E+00   -2.45223157E-02   1.03195094E-01   1.11058533E-01   1.68156171E+00   1.63644138E+06   7.42768860E+00   1.67916036E+00   1.69224675E+06   7.54959774E+00   1.68161607E+00   1.63484762E+06   7.42420721E+00 
0 350 7.14442638E-09   3.47869957E-07   1.35746731E-07   1.19999328E-07   2.18825775E-08   8.35654712E-10   1.78168278E-07   9.67236614E+00   -1.49939030E-01   -5.90907633E-02   1.10032037E-01   9.77977562E+00   -1.68236449E-01   -7.45653063E-02   1.08838305E-01   9.54653263E+00   -2.36540213E-02   1.03926599E-01   1.11143433E-01   1.68167424E+00   1.63311300E+06   7.42041779E+00   1.67932236E+00   1.68908412E+06   7.54268885E+00   1.68181539E+00   1.62878975E+06   7.41097355E+00 
0 360 6.61316646E-09   3.35942445E-07   1.27945256E-07   1.08627333E-07   2.01896366E-08   8.29271540E-10   1.72610541E-07   9.66561508E+00   -1.48964584E-01   -5.64734302E-02   1.10106662E-01   9.76273537E+00   -1.72266021E-01   -7.66299888E-02   1.09028779E-01   9.53993320E+00   -2.18702387E-02   1.04573235E-01   1.11221835E-01   1.68176901E+00   1.63022912E+06   7.41411781E+00   1.67946506E+00   1.68624762E+06   7.53649235E+00   1.68203676E+00   1.62161588E+06   7.39530182E+00 
0 370 6.06934503E-09   3.25498434E-07   1.21096576E-07   9.96243159E-08   1.81918622E-08   8.21760548E-10   1.67100964E-07   9.65938663E+00   -1.48433641E-01   -5.19379601E-02   1.10177130E-01   9.74249172E+00   -1.77673519E-01   -7.72050470E-02   1.09255932E-01   9.53443432E+00   -2.00850051E-02   1.04773246E-01   1.11286424E-01   1.68185067E+00   1.62768075E+06   7.40855074E+00   1.67958033E+00   1.68391825E+06   7.53140354E+00   1.68227756E+00   1.61314188E+06   7.37678957E+00 
0 380 5.97688343E-09   3.15315987E-07   1.13876858E-07   9.17816223E-08   1.79129653E-08   8.13434375E-10   1.61451823E-07   9.65360832E+00   -1.48138478E-01   -4.73922640E-02   1.10244766E-01   9.72000885E+00   -1.83759689E-01   -7.79214948E-02   1.09509565E-01   9.53023529E+00   -1.92140583E-02   1.04481138E-01   1.11334600E-01   1.68192112E+00   1.62542975E+06   7.40363312E+00   1.67966902E+00   1.68210200E+06   7.52743626E+00   1.68251777E+00   1.60377412E+06   7.35632563E+00 
0 390 6.09779072E-09   3.05157812E-07   1.06586441E-07   8.45187600E-08   1.85575075E-08   8.04703026E-10   1.55686038E-07   9.64847565E+00   -1.47818342E-01   -4.45808694E-02   1.10307105E-01   9.69701767E+00   -1.89820185E-01   -8.02374035E-02   1.09770201E-01   9.52711201E+00   -1.96920522E-02   1.04164213E-01   1.11369282E-01   1.68198049E+00   1.62348975E+06   7.39939499E+00   1.67973912E+00   1.68065038E+06   7.52426529E+00   1.68273532E+00   1.59418900E+06   7.33538675E+00 
0 400 5.86865623E-09   2.96017106E-07   1.00062472E-07   7.81513592E-08   1.78935782E-08   7.96029298E-10   1.50187688E-07   9.64413357E+00   -1.47344857E-01   -4.41307947E-02   1.10361636E-01   9.67486954E+00   -1.95578933E-01   -8.44469443E-02   1.10022373E-01   9.52458286E+00   -2.11992376E-02   1.04524344E-01   1.11396901E-01   1.68202949E+00   1.62185825E+06   7.39583111E+00   1.67980158E+00   1.67934725E+06   7.52141809E+00   1.68291903E+00   1.58489075E+06   7.31507397E+00 
0 410 5.26758104E-09   2.89012775E-07   9.46061789E-08   7.25563254E-08   1.58404738E-08   7.87619137E-10   1.45121916E-07   9.64043140E+00   -1.46803468E-01   -4.54115160E-02   1.10408887E-01   9.65370274E+00   -2.01396406E-01   -8.96321461E-02   1.10264443E-01   9.52216053E+00   -2.28386559E-02   1.05963774E-01   1.11424126E-01   1.68207085E+00   1.62046125E+06   7.39277935E+00   1.67986512E+00   1.67800875E+06   7.51849413E+00   1.68307054E+00   1.57593550E+06   7.29551077E+00 
0 420 4.89844609E-09   2.84238666E-07   9.00237964E-08   6.71326035E-08   1.48644874E-08   7.79539766E-10   1.40484033E-07   9.63696289E+00   -1.46380261E-01   -4.71370444E-02   1.10452391E-01   9.63261986E+00   -2.08016530E-01   -9.44747031E-02   1.10506929E-01   9.51955414E+00   -2.37189922E-02   1.08205125E-01   1.11455083E-01   1.68210912E+00   1.61915200E+06   7.38991928E+00   1.67993331E+00   1.67655838E+06   7.51532555E+00   1.68319726E+00   1.56696800E+06   7.27592087E+00 
0 430 5.25280708E-09   2.80662903E-07   8.59635989E-08   6.17172233E-08   1.68269807E-08   7.71782416E-10   1.36048115E-07   9.63326550E+00   -1.46188721E-01   -4.81845401E-02   1.10496812E-01   9.61027718E+00   -2.16074422E-01   -9.82705429E-02   1.10765718E-01   9.51676846E+00   -2.34900825E-02   1.10373721E-01   1.11489959E-01   1.68214893E+00   1.61776738E+06   7.38689470E+00   1.68000364E+00   1.67505125E+06   7.51203346E+00   1.68330371E+00   1.55750950E+06   7.25525856E+00 
0 440 5.89181859E-09   2.77041181E-07   8.25900415E-08   5.71059751E-08   1.96722709E-08   7.64426800E-10   1.31664606E-07   9.62909603E+00   -1.46184295E-01   -4.81180809E-02   1.10544972E-01   9.58574772E+00   -2.25693211E-01   -1.01430997E-01   1.11051843E-01   9.51407909E+00   -2.24617925E-02   1.11500546E-01   1.11525074E-01   1.68219304E+00   1.61620538E+06   7.38348246E+00   1.68006861E+00   1.67364225E+06   7.50895548E+00   1.68338764E+00   1.54728150E+06   7.23291492E+00 
0 450 6.08438677E-09   2.72811889E-07   8.07169798E-08   5.48502150E-08   2.06394724E-08   7.57601371E-10   1.27267427E-07   9.62456608E+00   -1.46206260E-01   -4.71953005E-02   1.10596143E-01   9.55900002E+00   -2.36476749E-01   -1.05169676E-01   1.11365728E-01   9.51188850E+00   -2.12884396E-02   1.11085586E-01   1.11554824E-01   1.68224108E+00   1.61447638E+06   7.37970495E+00   1.68012071E+00   1.67250350E+06   7.50646782E+00   1.68344128E+00   1.53635088E+06   7.20903683E+00 
0 460 5.54542989E-09   2.68246367E-07   8.03604721E-08   5.55521460E-08   1.87503062E-08   7.51416096E-10   1.22912979E-07   9.62007999E+00   -1.46084562E-01   -4.59801592E-02   1.10646501E-01   9.53075314E+00   -2.47761205E-01   -1.10664517E-01   1.11698605E-01   9.51044941E+00   -2.04831157E-02   1.09389395E-01   1.11575082E-01   1.68228948E+00   1.61269938E+06   7.37582350E+00   1.68015635E+00   1.67172000E+06   7.50475645E+00   1.68345773E+00   1.52503025E+06   7.18430662E+00 
0 470 4.57174609E-09   2.64074004E-07   7.99403210E-08   5.73399461E-08   1.50183741E-08   7.45898066E-10   1.18836411E-07   9.61612415E+00   -1.45743281E-01   -4.48990352E-02   1.10691220E-01   9.50184822E+00   -2.58970261E-01   -1.18256643E-01   1.12040021E-01   9.50965023E+00   -2.01299489E-02   1.07295625E-01   1.11586288E-01   1.68233359E+00   1.61104888E+06   7.37221766E+00   1.68017924E+00   1.67121338E+06   7.50364971E+00   1.68343389E+00   1.51362988E+06   7.15940189E+00 
0 480 3.88730914E-09   2.61126530E-07   7.79955514E-08   5.75080499E-08   1.20449686E-08   7.40872308E-10   1.15133950E-07   9.61303616E+00   -1.45233780E-01   -4.40434553E-02   1.10726878E-01   9.47264194E+00   -2.69899100E-01   -1.27210438E-01   1.12385258E-01   9.50898170E+00   -1.99421793E-02   1.05847232E-01   1.11594155E-01   1.68236959E+00   1.60967675E+06   7.36922026E+00   1.68020034E+00   1.67074612E+06   7.50262880E+00   1.68336987E+00   1.50225275E+06   7.13454819E+00 
0 490 3.89415034E-09   2.60090189E-07   7.47682023E-08   5.49641115E-08   1.16788739E-08   7.36074923E-10   1.11889918E-07   9.61086273E+00   -1.44685343E-01   -4.32812981E-02   1.10753037E-01   9.44286442E+00   -2.80715168E-01   -1.36155322E-01   1.12737566E-01   9.50776196E+00   -1.95671227E-02   1.05708361E-01   1.11607097E-01   1.68239617E+00   1.60864875E+06   7.36697435E+00   1.68023252E+00   1.67002800E+06   7.50106001E+00   1.68326437E+00   1.49076475E+06   7.10945177E+00 
0 500 4.09365875E-09   2.61072415E-07   7.15796773E-08   5.05968138E-08   1.22473427E-08   7.31258387E-10   1.08892245E-07   9.60937405E+00   -1.44223407E-01   -4.25127707E-02   1.10772163E-01   9.41194248E+00   -2.91726351E-01   -1.43880114E-01   1.13104455E-01   9.50553036E+00   -1.88520476E-02   1.06853575E-01   1.11631446E-01   1.68241477E+00   1.60792188E+06   7.36538649E+00   1.68028390E+00   1.66887725E+06   7.49854612E+00   1.68311286E+00   1.47893625E+06   7.08361197E+00 
0 510 4.02389588E-09   2.63244289E-07   6.92665907E-08   4.59819276E-08   1.19124293E-08   7.26360583E-10   1.06082567E-07   9.60818005E+00   -1.43904224E-01   -4.18299921E-02   1.10788390E-01   9.37958050E+00   -3.03133667E-01   -1.49991572E-01   1.13490619E-01   9.50234795E+00   -1.79026537E-02   1.08662993E-01   1.11667365E-01   1.68242872E+00   1.60737262E+06   7.36418676E+00   1.68035197E+00   1.66733800E+06   7.49518347E+00   1.68290901E+00   1.46663725E+06   7.05674458E+00 
0 520 3.76620024E-09   2.65176226E-07   6.76961989E-08   4.22312993E-08   1.09665583E-08   7.21426086E-10   1.03304487E-07   9.60690880E+00   -1.43701419E-01   -4.14669402E-02   1.10805541E-01   9.34599018E+00   -3.14865142E-01   -1.54982597E-01   1.13894746E-01   9.49881744E+00   -1.69731285E-02   1.10347137E-01   1.11708291E-01   1.68244183E+00   1.60685425E+06   7.36305428E+00   1.68042469E+00   1.66567275E+06   7.49154568E+00   1.68264961E+00   1.45395088E+06   7.02903080E+00 
0 530 3.67292752E-09   2.65713567E-07   6.63795703E-08   3.98695761E-08   1.07647891E-08   7.16595117E-10   1.00418347E-07   9.60534382E+00   -1.43547282E-01   -4.16086502E-02   1.10825703E-01   9.31184578E+00   -3.26646805E-01   -1.59742624E-01   1.14309601E-01   9.49575710E+00   -1.62965357E-02   1.11417860E-01   1.11744575E-01   1.68245685E+00   1.60625512E+06   7.36174536E+00   1.68048751E+00   1.66421912E+06   7.48837042E+00   1.68233693E+00   1.44114700E+06   7.00106001E+00 
0 540 3.92879729E-09   2.64550096E-07   6.49643255E-08   3.89554913E-08   1.18684662E-08   7.11996129E-10   9.73805641E-08   9.60346413E+00   -1.43379867E-01   -4.22196835E-02   1.10848799E-01   9.27793598E+00   -3.38156223E-01   -1.65054888E-01   1.14725962E-01   9.49372578E+00   -1.59496740E-02   1.11904919E-01   1.11769304E-01   1.68247485E+00   1.60552850E+06   7.36015797E+00   1.68053138E+00   1.66319425E+06   7.48613119E+00   1.68197966E+00   1.42855038E+06   6.97354221E+00 
0 550 4.38098935E-09   2.62194817E-07   6.33845900E-08   3.90642079E-08   1.35160052E-08   7.07714165E-10   9.43500282E-08   9.60138893E+00   -1.43173978E-01   -4.30242904E-02   1.10873312E-01   9.24477386E+00   -3.49170417E-01   -1.71174154E-01   1.15137346E-01   9.49268246E+00   -1.58190690E-02   1.12209722E-01   1.11782640E-01   1.68249547E+00   1.60469062E+06   7.35832787E+00   1.68055809E+00   1.66256825E+06   7.48476410E+00   1.68158782E+00   1.41639188E+06   6.94698143E+00 
0 560 4.77456474E-09   2.59552138E-07   6.17867215E-08   3.95720257E-08   1.47849901E-08   7.03771097E-10   9.15603593E-08   9.59928417E+00   -1.42937601E-01   -4.36439179E-02   1.10897385E-01   9.21240997E+00   -3.59644800E-01   -1.77834585E-01   1.15542628E-01   9.49200153E+00   -1.56683736E-02   1.12734899E-01   1.11791804E-01   1.68251729E+00   1.60379388E+06   7.35636854E+00   1.68057847E+00   1.66208750E+06   7.48371363E+00   1.68116868E+00   1.40472250E+06   6.92148924E+00 
0 570 4.92199881E-09   2.57439922E-07   6.03088779E-08   4.00822628E-08   1.50967683E-08   7.00127789E-10   8.90897951E-08   9.59728813E+00   -1.42688185E-01   -4.37936895E-02   1.10919647E-01   9.18050098E+00   -3.69645387E-01   -1.84561342E-01   1.15945406E-01   9.49084187E+00   -1.52515955E-02   1.13566287E-01   1.11806758E-01   1.68253887E+00   1.60289738E+06   7.35441017E+00   1.68060637E+00   1.66142788E+06   7.48227262E+00   1.68072224E+00   1.39342225E+06   6.89680338E+00 
0 580 4.73253436E-09   2.56273637E-07   5.89974540E-08   4.05026306E-08   1.41996397E-08   6.96757096E-10   8.69710703E-08   9.59548473E+00   -1.42432854E-01   -4.34130803E-02   1.10939510E-01   9.14853954E+00   -3.79212916E-01   -1.91020802E-01   1.16351455E-01   9.48861790E+00   -1.44159701E-02   1.14420913E-01   1.11834399E-01   1.68255901E+00   1.60204812E+06   7.35255527E+00   1.68065047E+00   1.66037412E+06   7.47997093E+00   1.68024337E+00   1.38228262E+06   6.87246847E+00 
0 590 4.23651603E-09   2.55974555E-07   5.78014152E-08   4.07728109E-08   1.22532304E-08   6.93636037E-10   8.50349409E-08   9.59391594E+00   -1.42163321E-01   -4.26659808E-02   1.10956885E-01   9.11614418E+00   -3.88291270E-01   -1.97164014E-01   1.16765313E-01   9.48528290E+00   -1.31661752E-02   1.14865914E-01   1.11875184E-01   1.68257725E+00   1.60127700E+06   7.35087061E+00   1.68071139E+00   1.65891025E+06   7.47677279E+00   1.67972445E+00   1.37111375E+06   6.84806919E+00 
0 600 3.61038754E-09   2.56052061E-07   5.64800722E-08   4.06229965E-08   9.99655647E-09   6.90788871E-10   8.32225950E-08   9.59260082E+00   -1.41871884E-01   -4.18309346E-02   1.10971875E-01   9.08320713E+00   -3.96733254E-01   -2.03138500E-01   1.17188364E-01   9.48123264E+00   -1.16567928E-02   1.14634246E-01   1.11924104E-01   1.68259287E+00   1.60060225E+06   7.34939671E+00   1.68078268E+00   1.65717438E+06   7.47298050E+00   1.67916036E+00   1.35982062E+06   6.82339907E+00 
0 610 3.13354587E-09   2.55882583E-07   5.47160575E-08   3.96561077E-08   8.66439720E-09   6.88217650E-10   8.14397367E-08   9.59153843E+00   -1.41564101E-01   -4.11618501E-02   1.10984571E-01   9.04991722E+00   -4.04342204E-01   -2.09063709E-01   1.17618486E-01   9.47696018E+00   -1.01159615E-02   1.13831125E-01   1.11975014E-01   1.68260610E+00   1.60003350E+06   7.34815407E+00   1.68085742E+00   1.65533012E+06   7.46895170E+00   1.67855084E+00   1.34842575E+06   6.79850674E+00 
0 620 2.95395708E-09   2.55041130E-07   5.25635286E-08   3.77401932E-08   8.74835138E-09   6.85895785E-10   7.95865489E-08   9.59070587E+00   -1.41261041E-01   -4.07966524E-02   1.10995196E-01   9.01665211E+00   -4.10983443E-01   -2.14840233E-01   1.18051283E-01   9.47270203E+00   -8.73078313E-03   1.12900205E-01   1.12024970E-01   1.68261671E+00   1.59956838E+06   7.34713793E+00   1.68093252E+00   1.65344800E+06   7.46484041E+00   1.67790186E+00   1.33704562E+06   6.77364588E+00 
0 630 2.89227864E-09   2.53465572E-07   5.06140765E-08   3.53706255E-08   9.08207287E-09   6.83790413E-10   7.76460709E-08   9.59003544E+00   -1.40990138E-01   -4.07461263E-02   1.11004248E-01   8.98384190E+00   -4.16616350E-01   -2.20179573E-01   1.18481636E-01   9.46833706E+00   -7.56199751E-03   1.12370841E-01   1.12075590E-01   1.68262541E+00   1.59918788E+06   7.34630680E+00   1.68101013E+00   1.65147488E+06   7.46052980E+00   1.67722344E+00   1.32583862E+06   6.74916410E+00 
0 640 2.74579182E-09   2.51327435E-07   4.94081966E-08   3.33995054E-08   8.63559624E-09   6.81922796E-10   7.57130891E-08   9.58942318E+00   -1.40770122E-01   -4.09395434E-02   1.11012593E-01   8.95186329E+00   -4.21288133E-01   -2.24783868E-01   1.18905000E-01   9.46354198E+00   -6.51086820E-03   1.12544589E-01   1.12131201E-01   1.68263304E+00   1.59885462E+06   7.34557867E+00   1.68109453E+00   1.64929500E+06   7.45576811E+00   1.67652702E+00   1.31495262E+06   6.72538280E+00 
0 650 2.64196709E-09   2.48778662E-07   4.87683955E-08   3.22536806E-08   7.79878118E-09   6.80343892E-10   7.38982848E-08   9.58875275E+00   -1.40600115E-01   -4.12774272E-02   1.11021265E-01   8.92095757E+00   -4.25072610E-01   -2.28570372E-01   1.19318396E-01   9.45806026E+00   -5.37615456E-03   1.13311268E-01   1.12195477E-01   1.68264055E+00   1.59851988E+06   7.34484768E+00   1.68118811E+00   1.64683038E+06   7.45038366E+00   1.67582250E+00   1.30448512E+06   6.70251656E+00 
0 660 2.91293056E-09   2.45436780E-07   4.80692748E-08   3.16317035E-08   8.08239253E-09   6.79128420E-10   7.22551974E-08   9.58793163E+00   -1.40459657E-01   -4.16589715E-02   1.11031130E-01   8.89140320E+00   -4.28051025E-01   -2.31745452E-01   1.19718030E-01   9.45188904E+00   -3.96651123E-03   1.14208370E-01   1.12268947E-01   1.68264914E+00   1.59813788E+06   7.34401321E+00   1.68128943E+00   1.64410138E+06   7.44442225E+00   1.67232919E+00   1.29379238E+06   6.68104362E+00 
0 670 3.55160279E-09   2.41365854E-07   4.70353037E-08   3.11809707E-08   9.92476412E-09   6.78363754E-10   7.07777588E-08   9.58692741E+00   -1.40321359E-01   -4.19880785E-02   1.11042522E-01   8.86330223E+00   -4.30371225E-01   -2.34754607E-01   1.20102279E-01   9.44526005E+00   -2.19161203E-03   1.14681013E-01   1.12349018E-01   1.68265939E+00   1.59768225E+06   7.34301758E+00   1.68139422E+00   1.64121238E+06   7.43811083E+00   1.66700840E+00   1.28361550E+06   6.66197872E+00 
0 680 4.07633527E-09   2.37252650E-07   4.58915750E-08   3.10719557E-08   1.15388792E-08   6.78106959E-10   6.94366094E-08   9.58578014E+00   -1.40165761E-01   -4.21773084E-02   1.11055106E-01   8.83509254E+00   -4.32025254E-01   -2.38022014E-01   1.20491721E-01   9.43845272E+00   -8.61070585E-05   1.14375316E-01   1.12432100E-01   1.68267107E+00   1.59715562E+06   7.34186745E+00   1.68149817E+00   1.63827388E+06   7.43169165E+00   1.66190815E+00   1.27385500E+06   6.64369297E+00 
0 690 4.24595115E-09   2.33529008E-07   4.49911504E-08   3.13981623E-08   1.19811263E-08   6.78324286E-10   6.81918806E-08   9.58458614E+00   -1.39987350E-01   -4.21624221E-02   1.11068003E-01   8.80697441E+00   -4.32889819E-01   -2.41724893E-01   1.20883144E-01   9.43156910E+00   2.25153915E-03   1.13293640E-01   1.12516508E-01   1.68268359E+00   1.59658812E+06   7.34062767E+00   1.68160009E+00   1.63531800E+06   7.42523479E+00   1.65705049E+00   1.26455338E+06   6.62626743E+00 
0 700 4.03750500E-09   2.30293310E-07   4.44275727E-08   3.19082609E-08   1.11718741E-08   6.78962775E-10   6.69892373E-08   9.58345795E+00   -1.39793575E-01   -4.19260561E-02   1.11080132E-01   8.77949905E+00   -4.32992369E-01   -2.45840311E-01   1.21268541E-01   9.42441845E+00   4.74145496E-03   1.11738861E-01   1.12603985E-01   1.68269587E+00   1.59602500E+06   7.33939743E+00   1.68170249E+00   1.63226388E+06   7.41856289E+00   1.65242124E+00   1.25568450E+06   6.60965252E+00 
0 710 3.56525098E-09   2.27403248E-07   4.40213626E-08   3.21892770E-08   9.57196189E-09   6.79962808E-10   6.57750263E-08   9.58248806E+00   -1.39598176E-01   -4.15140726E-02   1.11090675E-01   8.75281525E+00   -4.32289660E-01   -2.50149429E-01   1.21645451E-01   9.41661739E+00   7.37086963E-03   1.10112287E-01   1.12698786E-01   1.68270707E+00   1.59551050E+06   7.33827353E+00   1.68181014E+00   1.62895325E+06   7.41133070E+00   1.64795721E+00   1.24712800E+06   6.59362268E+00 
0 720 3.02271141E-09   2.24700116E-07   4.35786980E-08   3.19425340E-08   7.98267497E-09   6.81255996E-10   6.45320171E-08   9.58171654E+00   -1.39413834E-01   -4.10275720E-02   1.11099280E-01   8.72684956E+00   -4.30703878E-01   -2.54432768E-01   1.22014530E-01   9.40779400E+00   1.01932762E-02   1.08695626E-01   1.12805367E-01   1.68271649E+00   1.59507275E+06   7.33731699E+00   1.68192708E+00   1.62523325E+06   7.40320396E+00   1.64361227E+00   1.23879562E+06   6.57801294E+00 
0 730 2.58611799E-09   2.22080715E-07   4.30827285E-08   3.11596651E-08   7.08042736E-09   6.82746581E-10   6.32745909E-08   9.58113194E+00   -1.39248639E-01   -4.05890904E-02   1.11106120E-01   8.70163441E+00   -4.28240925E-01   -2.58470237E-01   1.22375131E-01   9.39778519E+00   1.32727632E-02   1.07541636E-01   1.12925909E-01   1.68272400E+00   1.59471762E+06   7.33654118E+00   1.68205392E+00   1.62103550E+06   7.39403391E+00   1.63936150E+00   1.23063975E+06   6.56273365E+00 
0 740 2.31922859E-09   2.19400420E-07   4.26810622E-08   3.01271932E-08   6.83277612E-09   6.84369894E-10   6.20478531E-08   9.58067989E+00   -1.39105678E-01   -4.02985774E-02   1.11111775E-01   8.67728043E+00   -4.24972832E-01   -2.62099892E-01   1.22725785E-01   9.38671970E+00   1.66254211E-02   1.06515892E-01   1.13059275E-01   1.68273020E+00   1.59443062E+06   7.33591461E+00   1.68218744E+00   1.61640638E+06   7.38392162E+00   1.63519776E+00   1.22264712E+06   6.54776049E+00 
0 750 2.17220331E-09   2.16502755E-07   4.25238902E-08   2.92668965E-08   6.67263000E-09   6.86107615E-10   6.08917290E-08   9.58028507E+00   -1.38985991E-01   -4.02013399E-02   1.11116946E-01   8.65384865E+00   -4.20967042E-01   -2.65241265E-01   1.23065874E-01   9.37493229E+00   2.02011317E-02   1.05430841E-01   1.13201760E-01   1.68273544E+00   1.59418538E+06   7.33537865E+00   1.68232226E+00   1.61147675E+06   7.37315226E+00   1.63112462E+00   1.21482488E+06   6.53310633E+00 
0 760 2.10662754E-09   2.13318444E-07   4.26033147E-08   2.88474737E-08   6.28865449E-09   6.87960799E-10   5.98247567E-08   9.57987976E+00   -1.38889894E-01   -4.02802154E-02   1.11122258E-01   8.63138676E+00   -4.16291177E-01   -2.67861456E-01   1.23394974E-01   9.36278915E+00   2.39117406E-02   1.04172587E-01   1.13349207E-01   1.68274033E+00   1.59395262E+06   7.33486986E+00   1.68245339E+00   1.60639175E+06   7.36204386E+00   1.62715423E+00   1.20719662E+06   6.51881552E+00 
0 770 2.17835749E-09   2.09873448E-07   4.27666684E-08   2.87980058E-08   5.96161431E-09   6.89947988E-10   5.88550826E-08   9.57941341E+00   -1.38816252E-01   -4.04715687E-02   1.11128114E-01   8.60993099E+00   -4.11012352E-01   -2.69985229E-01   1.23712741E-01   9.35051155E+00   2.76877303E-02   1.02748051E-01   1.13499016E-01   1.68274546E+00   1.59370812E+06   7.33433628E+00   1.68257797E+00   1.60124550E+06   7.35080147E+00   1.62330699E+00   1.19980175E+06   6.50496197E+00 
0 780 2.43988163E-09   2.06267842E-07   4.28727738E-08   2.88457240E-08   6.25586338E-09   6.92106816E-10   5.79846962E-08   9.57886314E+00   -1.38760880E-01   -4.06931788E-02   1.11134686E-01   8.58954620E+00   -4.05197024E-01   -2.71713257E-01   1.24018192E-01   9.33810234E+00   3.15187611E-02   1.01238355E-01   1.13651142E-01   1.68275118E+00   1.59343588E+06   7.33374119E+00   1.68269527E+00   1.59604925E+06   7.33945036E+00   1.61960673E+00   1.19268612E+06   6.49163151E+00 
0 790 2.80745116E-09   2.02651407E-07   4.29095053E-08   2.87830630E-08   7.18521065E-09   6.94467539E-10   5.72098635E-08   9.57822514E+00   -1.38715789E-01   -4.08690348E-02   1.11141957E-01   8.57025146E+00   -3.98886561E-01   -2.73212373E-01   1.24310777E-01   9.32539654E+00   3.54523249E-02   9.97076258E-02   1.13807544E-01   1.68275762E+00   1.59312862E+06   7.33307028E+00   1.68280637E+00   1.59074825E+06   7.32787037E+00   1.61606801E+00   1.18587862E+06   6.47887802E+00 
0 800 3.11342974E-09   1.99175759E-07   4.30022453E-08   2.85996808E-08   8.12185252E-09   6.97045088E-10   5.65081564E-08   9.57751846E+00   -1.38671055E-01   -4.09438536E-02   1.11149773E-01   8.55198097E+00   -3.92114669E-01   -2.74670124E-01   1.24590963E-01   9.31218147E+00   3.95628214E-02   9.81452465E-02   1.13970734E-01   1.68276465E+00   1.59278800E+06   7.33232594E+00   1.68291211E+00   1.58526512E+06   7.31589222E+00   1.61268389E+00   1.17936600E+06   6.46667767E+00 
0 810 3.22748694E-09   1.95966123E-07   4.32976535E-08   2.84215496E-08   8.50318749E-09   6.99842850E-10   5.58331124E-08   9.57677364E+00   -1.38617963E-01   -4.08883058E-02   1.11157894E-01   8.53457355E+00   -3.84912163E-01   -2.76231080E-01   1.24860503E-01   9.29831791E+00   4.39053252E-02   9.64768007E-02   1.14142343E-01   1.68277228E+00   1.59242362E+06   7.33153009E+00   1.68301249E+00   1.57954338E+06   7.30339289E+00   1.60942245E+00   1.17308700E+06   6.45491457E+00 
0 820 3.10799453E-09   1.93065858E-07   4.37766907E-08   2.83328667E-08   8.14108692E-09   7.02848169E-10   5.51356294E-08   9.57603455E+00   -1.38552487E-01   -4.07002792E-02   1.11165985E-01   8.51779938E+00   -3.77290815E-01   -2.77943730E-01   1.25122160E-01   9.28378868E+00   4.84825112E-02   9.46302339E-02   1.14322543E-01   1.68277991E+00   1.59205212E+06   7.33071852E+00   1.68310642E+00   1.57356862E+06   7.29034042E+00   1.60623658E+00   1.16695138E+06   6.44341993E+00 
0 830 2.80523871E-09   1.90448063E-07   4.42432402E-08   2.82701080E-08   7.22281923E-09   7.06036341E-10   5.43976242E-08   9.57534790E+00   -1.38476834E-01   -4.04057801E-02   1.11173637E-01   8.50143528E+00   -3.69257450E-01   -2.79744834E-01   1.25378743E-01   9.26867580E+00   5.32399863E-02   9.25978497E-02   1.14510305E-01   1.68278718E+00   1.59169500E+06   7.32993841E+00   1.68319213E+00   1.56736212E+06   7.27678204E+00   1.60308182E+00   1.16087325E+06   6.43203306E+00 
0 840 2.43676967E-09   1.88032899E-07   4.44736266E-08   2.80823258E-08   6.20972829E-09   7.09370063E-10   5.36433511E-08   9.57475567E+00   -1.38398170E-01   -4.00568582E-02   1.11180484E-01   8.48532009E+00   -3.60828340E-01   -2.81495333E-01   1.25632390E-01   9.25309086E+00   5.81034794E-02   9.04619619E-02   1.14704259E-01   1.68279374E+00   1.59137388E+06   7.32923698E+00   1.68326807E+00   1.56095975E+06   7.26279593E+00   1.59993148E+00   1.15480175E+06   6.42065859E+00 
0 850 2.13378692E-09   1.85730016E-07   4.43951826E-08   2.77055978E-08   5.58289903E-09   7.12806092E-10   5.29191730E-08   9.57428265E+00   -1.38325140E-01   -3.97223085E-02   1.11186258E-01   8.46941566E+00   -3.52034092E-01   -2.83033580E-01   1.25883624E-01   9.23711967E+00   6.30131289E-02   8.83618742E-02   1.14903405E-01   1.68279922E+00   1.59110525E+06   7.32865000E+00   1.68333280E+00   1.55439200E+06   7.24844837E+00   1.59678388E+00   1.14873338E+06   6.40929031E+00 
0 860 1.96587813E-09   1.83461040E-07   4.41102372E-08   2.72518061E-08   5.43632961E-09   7.16301130E-10   5.22642161E-08   9.57392979E+00   -1.38263941E-01   -3.94701213E-02   1.11190915E-01   8.45377350E+00   -3.42923373E-01   -2.84235567E-01   1.26131728E-01   9.22080231E+00   6.79365098E-02   8.64237696E-02   1.15107350E-01   1.68280351E+00   1.59089475E+06   7.32818985E+00   1.68338501E+00   1.54767738E+06   7.23377991E+00   1.59365892E+00   1.14270650E+06   6.39799976E+00 
0 870 1.91005856E-09   1.81166996E-07   4.37983303E-08   2.69334404E-08   5.45390977E-09   7.19809379E-10   5.16939629E-08   9.57367039E+00   -1.38216540E-01   -3.93463075E-02   1.11194663E-01   8.43850040E+00   -3.33560735E-01   -2.85047799E-01   1.26375318E-01   9.20416164E+00   7.28703439E-02   8.47040266E-02   1.15316018E-01   1.68280673E+00   1.59073450E+06   7.32783985E+00   1.68342388E+00   1.54082975E+06   7.21882105E+00   1.59058881E+00   1.13678325E+06   6.38690281E+00 
0 880 1.92127536E-09   1.78801400E-07   4.35855441E-08   2.68946057E-08   5.39915090E-09   7.23306803E-10   5.11976737E-08   9.57345200E+00   -1.38181478E-01   -3.93589996E-02   1.11197971E-01   8.42370510E+00   -3.24007869E-01   -2.85478711E-01   1.26612961E-01   9.18723011E+00   7.78222382E-02   8.31753239E-02   1.15529157E-01   1.68280935E+00   1.59060462E+06   7.32755613E+00   1.68344831E+00   1.53386938E+06   7.20361614E+00   1.58760595E+00   1.13102638E+06   6.37611818E+00 
0 890 1.99512940E-09   1.76348024E-07   4.34698819E-08   2.70889267E-08   5.35420730E-09   7.26782690E-10   5.07528917E-08   9.57321453E+00   -1.38154954E-01   -3.94755155E-02   1.11201406E-01   8.40945435E+00   -3.14323187E-01   -2.85584092E-01   1.26843810E-01   9.17007828E+00   8.27853829E-02   8.17599073E-02   1.15746044E-01   1.68281186E+00   1.59047888E+06   7.32728148E+00   1.68345773E+00   1.52682800E+06   7.18823385E+00   1.58473420E+00   1.12548212E+06   6.36573172E+00 
0 900 2.13979057E-09   1.73849898E-07   4.33643699E-08   2.73225975E-08   5.54000934E-09   7.30248861E-10   5.03416828E-08   9.57290649E+00   -1.38132423E-01   -3.96338850E-02   1.11205451E-01   8.39575577E+00   -3.04551095E-01   -2.85448939E-01   1.27067819E-01   9.15279102E+00   8.77333805E-02   8.03857744E-02   1.15965672E-01   1.68281472E+00   1.59033250E+06   7.32696199E+00   1.68345177E+00   1.51974038E+06   7.17275047E+00   1.58198416E+00   1.12017112E+06   6.35578203E+00 
0 910 2.32408404E-09   1.71412609E-07   4.31814833E-08   2.73978671E-08   5.99142203E-09   7.33723804E-10   4.99571335E-08   9.57250500E+00   -1.38109326E-01   -3.97641286E-02   1.11210376E-01   8.38255882E+00   -2.94727713E-01   -2.85172284E-01   1.27285719E-01   9.13542938E+00   9.26318541E-02   7.90261403E-02   1.16187274E-01   1.68281841E+00   1.59015012E+06   7.32656336E+00   1.68342996E+00   1.51263025E+06   7.15721798E+00   1.57935345E+00   1.11508912E+06   6.34626102E+00 
0 920 2.48042187E-09   1.69177426E-07   4.28977316E-08   2.72206861E-08   6.47951204E-09   7.37225891E-10   4.95978263E-08   9.57201958E+00   -1.38081565E-01   -3.98103520E-02   1.11216091E-01   8.36977673E+00   -2.84878403E-01   -2.84847885E-01   1.27498671E-01   9.11799908E+00   9.74501893E-02   7.77088180E-02   1.16410725E-01   1.68282282E+00   1.58993012E+06   7.32608271E+00   1.68339229E+00   1.50549938E+06   7.14164019E+00   1.57683086E+00   1.11021462E+06   6.33712912E+00 
0 930 2.54618637E-09   1.67260708E-07   4.25377955E-08   2.68303779E-08   6.73521150E-09   7.40762951E-10   4.92646137E-08   9.57148838E+00   -1.38046056E-01   -3.97448540E-02   1.11222237E-01   8.35730457E+00   -2.75026649E-01   -2.84553885E-01   1.27708048E-01   9.10044861E+00   1.02170341E-01   7.64894933E-02   1.16636604E-01   1.68282771E+00   1.58968425E+06   7.32554579E+00   1.68333840E+00   1.49832738E+06   7.12597275E+00   1.57440114E+00   1.10551800E+06   6.32833099E+00 
0 940 2.49462562E-09   1.65700996E-07   4.21255706E-08   2.63424909E-08   6.62731292E-09   7.44332984E-10   4.89582099E-08   9.57096863E+00   -1.38001323E-01   -3.95713784E-02   1.11228272E-01   8.34503174E+00   -2.65183449E-01   -2.84341604E-01   1.27915278E-01   9.08270454E+00   1.06791131E-01   7.54210725E-02   1.16865829E-01   1.68283260E+00   1.58943412E+06   7.32499933E+00   1.68326783E+00   1.49108350E+06   7.11014843E+00   1.57204878E+00   1.10097012E+06   6.31981039E+00 
0 950 2.34469932E-09   1.64438646E-07   4.16475139E-08   2.58694577E-08   6.20784535E-09   7.47924722E-10   4.86776983E-08   9.57051659E+00   -1.37948036E-01   -3.93196382E-02   1.11233674E-01   8.33287430E+00   -2.55371332E-01   -2.84219056E-01   1.28121451E-01   9.06469917E+00   1.11316450E-01   7.45324120E-02   1.17099270E-01   1.68283713E+00   1.58920375E+06   7.32449579E+00   1.68317962E+00   1.48374438E+06   7.09411573E+00   1.56976151E+00   1.09654638E+06   6.31152344E+00 
0 960 2.15335039E-09   1.63345106E-07   4.10691889E-08   2.54694950E-08   5.67905900E-09   7.51511464E-10   4.84207057E-08   9.57017136E+00   -1.37889728E-01   -3.90350334E-02   1.11238070E-01   8.32077789E+00   -2.45625004E-01   -2.84148961E-01   1.28327295E-01   9.04642391E+00   1.15732998E-01   7.38252625E-02   1.17337093E-01   1.68284094E+00   1.58901262E+06   7.32407856E+00   1.68307316E+00   1.47630638E+06   7.07786703E+00   1.56753123E+00   1.09223200E+06   6.30344057E+00 
0 970 1.99066763E-09   1.62284138E-07   4.03747293E-08   2.51527670E-08   5.28639887E-09   7.55065899E-10   4.81839493E-08   9.56994534E+00   -1.37832239E-01   -3.87670994E-02   1.11241341E-01   8.30871201E+00   -2.35988244E-01   -2.84057498E-01   1.28533244E-01   9.02792835E+00   1.20008394E-01   7.32954666E-02   1.17578752E-01   1.68284369E+00   1.58887125E+06   7.32376957E+00   1.68294811E+00   1.46878962E+06   7.06144619E+00   1.56535554E+00   1.08802238E+06   6.29555464E+00 
0 980 1.90061211E-09   1.61166994E-07   3.95877535E-08   2.49174406E-08   5.14683363E-09   7.58565988E-10   4.79648641E-08   9.56982422E+00   -1.37781367E-01   -3.85595560E-02   1.11243650E-01   8.29667664E+00   -2.26481006E-01   -2.83860564E-01   1.28739387E-01   9.00930119E+00   1.24096751E-01   7.29492083E-02   1.17823146E-01   1.68284547E+00   1.58877825E+06   7.32356644E+00   1.68280458E+00   1.46122925E+06   7.04493046E+00   1.56323802E+00   1.08392400E+06   6.28787661E+00 
0 990 1.87638172E-09   1.59975215E-07   3.87755605E-08   2.47728984E-08   5.17050580E-09   7.61991636E-10   4.77555986E-08   9.56976986E+00   -1.37741297E-01   -3.84421423E-02   1.11245342E-01   8.28469658E+00   -2.17126757E-01   -2.83489853E-01   1.28945455E-01   8.99063110E+00   1.27949670E-01   7.28074983E-02   1.18069217E-01   1.68284655E+00   1.58872250E+06   7.32344484E+00   1.68264306E+00   1.45366112E+06   7.02839756E+00   1.56118703E+00   1.07995350E+06   6.28043842E+00 
0 1000 1.88459715E-09   1.58749174E-07   3.80064762E-08   2.47233203E-08   5.20731414E-09   7.65327801E-10   4.75500812E-08   9.56973743E+00   -1.37713343E-01   -3.84243317E-02   1.11246854E-01   8.27283287E+00   -2.07967624E-01   -2.82923907E-01   1.29150704E-01   8.97196960E+00   1.31525189E-01   7.28923604E-02   1.18316330E-01   1.68284726E+00   1.58868600E+06   7.32336473E+00   1.68246412E+00   1.44610850E+06   7.01189852E+00   1.55921400E+00   1.07613312E+06   6.27328110E+00 
0 1010 1.90490090E-09   1.57548968E-07   3.73025415E-08   2.47384495E-08   5.21177945E-09   7.68572372E-10   4.73518469E-08   9.56968117E+00   -1.37695521E-01   -3.84922400E-02   1.11248583E-01   8.26112461E+00   -1.99029863E-01   -2.82179028E-01   1.29354656E-01   8.95332146E+00   1.34802043E-01   7.32089654E-02   1.18564501E-01   1.68284798E+00   1.58864900E+06   7.32328415E+00   1.68226802E+00   1.43857775E+06   6.99544716E+00   1.55733061E+00   1.07248575E+06   6.26644802E+00 
0 1020 1.93824867E-09   1.56417045E-07   3.66310360E-08   2.47521470E-08   5.25040855E-09   7.71729070E-10   4.71631125E-08   9.56957054E+00   -1.37683213E-01   -3.86106819E-02   1.11250825E-01   8.24961853E+00   -1.90350592E-01   -2.81305283E-01   1.29556701E-01   8.93465328E+00   1.37776718E-01   7.37367049E-02   1.18814170E-01   1.68284905E+00   1.58859500E+06   7.32316637E+00   1.68205476E+00   1.43105962E+06   6.97902346E+00   1.55554628E+00   1.06902900E+06   6.25997210E+00 
0 1030 1.98606642E-09   1.55356048E-07   3.59438452E-08   2.46941809E-08   5.38566791E-09   7.74815323E-10   4.69840096E-08   9.56939125E+00   -1.37670755E-01   -3.87310907E-02   1.11253679E-01   8.23834229E+00   -1.81965053E-01   -2.80375421E-01   1.29756421E-01   8.91591549E+00   1.40447170E-01   7.44302571E-02   1.19066045E-01   1.68285060E+00   1.58851425E+06   7.32298994E+00   1.68182373E+00   1.42353888E+06   6.96259403E+00   1.55386519E+00   1.06577200E+06   6.25387049E+00 
0 1040 2.03223127E-09   1.54346921E-07   3.52175888E-08   2.45227234E-08   5.57467095E-09   7.77854947E-10   4.68132804E-08   9.56915188E+00   -1.37653202E-01   -3.88043299E-02   1.11257076E-01   8.22729492E+00   -1.73899099E-01   -2.79464662E-01   1.29953817E-01   8.89706612E+00   1.42802119E-01   7.52340406E-02   1.19320616E-01   1.68285275E+00   1.58840562E+06   7.32275248E+00   1.68157458E+00   1.41600275E+06   6.94613123E+00   1.55228639E+00   1.06271250E+06   6.24813890E+00 
0 1050 2.04883643E-09   1.53364525E-07   3.44698918E-08   2.42436862E-08   5.69456970E-09   7.80873699E-10   4.66477381E-08   9.56887627E+00   -1.37627795E-01   -3.87947075E-02   1.11260794E-01   8.21646881E+00   -1.66175887E-01   -2.78626710E-01   1.30148858E-01   8.87809372E+00   1.44823819E-01   7.61078298E-02   1.19578041E-01   1.68285525E+00   1.58827625E+06   7.32246971E+00   1.68130708E+00   1.40844688E+06   6.92962503E+00   1.55080390E+00   1.05983912E+06   6.24275589E+00 
0 1060 2.01676720E-09   1.52385752E-07   3.37416637E-08   2.38984263E-08   5.64612845E-09   7.83888010E-10   4.64854359E-08   9.56859970E+00   -1.37594283E-01   -3.86903621E-02   1.11264512E-01   8.20582962E+00   -1.58818379E-01   -2.77906179E-01   1.30341992E-01   8.85900307E+00   1.46485537E-01   7.70376623E-02   1.19838201E-01   1.68285787E+00   1.58813962E+06   7.32217121E+00   1.68102109E+00   1.40087388E+06   6.91308165E+00   1.54940784E+00   1.05713288E+06   6.23768616E+00 
0 1070 1.94109928E-09   1.51391163E-07   3.30661472E-08   2.35371900E-08   5.42607825E-09   7.86907151E-10   4.63253294E-08   9.56835938E+00   -1.37554720E-01   -3.85064930E-02   1.11267909E-01   8.19534206E+00   -1.51847109E-01   -2.77326941E-01   1.30533546E-01   8.83981037E+00   1.47756875E-01   7.80355334E-02   1.20100886E-01   1.68286037E+00   1.58801175E+06   7.32189178E+00   1.68071675E+00   1.39328875E+06   6.89651155E+00   1.54808676E+00   1.05457150E+06   6.23288774E+00 
0 1080 1.85124505E-09   1.50361700E-07   3.24554144E-08   2.31891590E-08   5.13179099E-09   7.89928400E-10   4.61662211E-08   9.56818390E+00   -1.37512833E-01   -3.82803828E-02   1.11270711E-01   8.18498039E+00   -1.45282179E-01   -2.76887566E-01   1.30723789E-01   8.82052517E+00   1.48611054E-01   7.91204795E-02   1.20366000E-01   1.68286240E+00   1.58790738E+06   7.32166386E+00   1.68039417E+00   1.38569600E+06   6.87992477E+00   1.54682946E+00   1.05213350E+06   6.22832012E+00 
0 1090 1.78555215E-09   1.49277099E-07   3.19094546E-08   2.28650237E-08   4.90566432E-09   7.92942545E-10   4.60080614E-08   9.56808949E+00   -1.37472987E-01   -3.80602442E-02   1.11272790E-01   8.17472744E+00   -1.39139012E-01   -2.76562452E-01   1.30912885E-01   8.80115700E+00   1.49029359E-01   8.02993253E-02   1.20633498E-01   1.68286371E+00   1.58783612E+06   7.32150841E+00   1.68005347E+00   1.37809825E+06   6.86332750E+00   1.54562712E+00   1.04980150E+06   6.22395134E+00 
0 1100 1.76607984E-09   1.48110431E-07   3.14354658E-08   2.25761276E-08   4.83634111E-09   7.95929989E-10   4.58511877E-08   9.56807041E+00   -1.37439042E-01   -3.78914475E-02   1.11274160E-01   8.16459084E+00   -1.33430064E-01   -2.76306212E-01   1.31100640E-01   8.78170872E+00   1.49005651E-01   8.15570280E-02   1.20903403E-01   1.68286443E+00   1.58780038E+06   7.32143021E+00   1.67969477E+00   1.37049925E+06   6.84672689E+00   1.54447472E+00   1.04756631E+06   6.21976423E+00 
0 1110 1.78373383E-09   1.46840577E-07   3.10548955E-08   2.23396395E-08   4.89365215E-09   7.98873745E-10   4.56968863E-08   9.56810856E+00   -1.37413278E-01   -3.78042273E-02   1.11275017E-01   8.15459633E+00   -1.28168732E-01   -2.76065648E-01   1.31286666E-01   8.76218891E+00   1.48539737E-01   8.28580931E-02   1.21175684E-01   1.68286455E+00   1.58779412E+06   7.32141638E+00   1.67931831E+00   1.36290438E+06   6.83013582E+00   1.54337180E+00   1.04542688E+06   6.21575594E+00 
0 1120 1.80973092E-09   1.45461357E-07   3.07863175E-08   2.21682637E-08   4.97311348E-09   8.01757494E-10   4.55445957E-08   9.56816769E+00   -1.37396231E-01   -3.78061980E-02   1.11275658E-01   8.14478397E+00   -1.23363502E-01   -2.75793135E-01   1.31470323E-01   8.74261475E+00   1.47631764E-01   8.41557086E-02   1.21450208E-01   1.68286431E+00   1.58780462E+06   7.32143974E+00   1.67892444E+00   1.35532075E+06   6.81356907E+00   1.54232180E+00   1.04338969E+06   6.21193981E+00 
0 1130 1.81991844E-09   1.43987265E-07   3.06301438E-08   2.20545200E-08   4.99314501E-09   8.04566469E-10   4.53929161E-08   9.56821156E+00   -1.37386471E-01   -3.78819071E-02   1.11276425E-01   8.13520908E+00   -1.19018026E-01   -2.75459796E-01   1.31650805E-01   8.72300243E+00   1.46281168E-01   8.54045525E-02   1.21726766E-01   1.68286407E+00   1.58781600E+06   7.32146454E+00   1.67851377E+00   1.34775462E+06   6.79704046E+00   1.54133081E+00   1.04146681E+06   6.20833731E+00 
0 1140 1.80808579E-09   1.42446666E-07   3.05590184E-08   2.19655245E-08   4.94344654E-09   8.07297174E-10   4.52400144E-08   9.56820869E+00   -1.37380823E-01   -3.79980765E-02   1.11277610E-01   8.12593174E+00   -1.15138359E-01   -2.75059819E-01   1.31827235E-01   8.70335865E+00   1.44490868E-01   8.65723416E-02   1.22005299E-01   1.68286419E+00   1.58781300E+06   7.32145786E+00   1.67808628E+00   1.34020862E+06   6.78055620E+00   1.54040587E+00   1.03967188E+06   6.20497465E+00 
0 1150 1.78322890E-09   1.40879138E-07   3.05280921E-08   2.18439222E-08   4.86854024E-09   8.09947498E-10   4.50844517E-08   9.56814289E+00   -1.37375280E-01   -3.81128751E-02   1.11279376E-01   8.11701012E+00   -1.11720845E-01   -2.74611622E-01   1.31998643E-01   8.68367863E+00   1.42271087E-01   8.76420811E-02   1.22285865E-01   1.68286467E+00   1.58778538E+06   7.32139730E+00   1.67764235E+00   1.33268100E+06   6.76411152E+00   1.53955281E+00   1.03801625E+06   6.20187283E+00 
0 1160 1.75687065E-09   1.39319539E-07   3.04984660E-08   2.16397940E-08   4.81184914E-09   8.12526602E-10   4.49271234E-08   9.56801510E+00   -1.37366116E-01   -3.81871834E-02   1.11281715E-01   8.10848427E+00   -1.08751051E-01   -2.74157017E-01   1.32164374E-01   8.66394711E+00   1.39637724E-01   8.86066109E-02   1.22568652E-01   1.68286574E+00   1.58773012E+06   7.32127714E+00   1.67718136E+00   1.32516500E+06   6.74769258E+00   1.53877449E+00   1.03650569E+06   6.19904327E+00 
0 1170 1.73163994E-09   1.37789598E-07   3.04590451E-08   2.13336122E-08   4.76955586E-09   8.15049361E-10   4.47695712E-08   9.56784630E+00   -1.37350962E-01   -3.81946675E-02   1.11284435E-01   8.10037136E+00   -1.06208123E-01   -2.73738742E-01   1.32324085E-01   8.64414978E+00   1.36611998E-01   8.94672424E-02   1.22853875E-01   1.68286729E+00   1.58765300E+06   7.32110834E+00   1.67670321E+00   1.31765275E+06   6.73128176E+00   1.53806973E+00   1.03513750E+06   6.19647980E+00 
0 1180 1.70172099E-09   1.36293167E-07   3.04246441E-08   2.09400106E-08   4.69913886E-09   8.17531098E-10   4.46140298E-08   9.56766796E+00   -1.37329429E-01   -3.81284766E-02   1.11287244E-01   8.09266663E+00   -1.04069524E-01   -2.73393959E-01   1.32477656E-01   8.62427330E+00   1.33216217E-01   9.02248323E-02   1.23141728E-01   1.68286896E+00   1.58756575E+06   7.32091761E+00   1.67620718E+00   1.31013800E+06   6.71486521E+00   1.53743243E+00   1.03390044E+06   6.19416237E+00 
0 1190 1.66271841E-09   1.34817896E-07   3.04203418E-08   2.04960617E-08   4.56918459E-09   8.19984414E-10   4.44610926E-08   9.56751537E+00   -1.37303069E-01   -3.80024239E-02   1.11289829E-01   8.08535290E+00   -1.02305107E-01   -2.73143917E-01   1.32625267E-01   8.60431957E+00   1.29473925E-01   9.08780172E-02   1.23432212E-01   1.68287051E+00   1.58748312E+06   7.32073736E+00   1.67569339E+00   1.30261962E+06   6.69844103E+00   1.53685331E+00   1.03277625E+06   6.19205618E+00 
0 1200 1.64383585E-09   1.32823530E-07   3.04613863E-08   2.00176729E-08   4.48262405E-09   8.22414692E-10   4.43097861E-08   9.56741524E+00   -1.37274921E-01   -3.78465466E-02   1.11291938E-01   8.07839680E+00   -1.00879021E-01   -2.72990882E-01   1.32767215E-01   8.58453751E+00   1.25378340E-01   9.14305076E-02   1.23721808E-01   1.68287170E+00   1.58741825E+06   7.32059574E+00   1.67272019E+00   1.29453988E+06   6.68244410E+00   1.53632164E+00   1.03174381E+06   6.19012213E+00 
0 1210 1.71913150E-09   1.30401290E-07   3.05907690E-08   1.95117380E-08   4.72813566E-09   8.24826984E-10   4.41639685E-08   9.56737709E+00   -1.37248591E-01   -3.76982689E-02   1.11293472E-01   8.07176781E+00   -9.97537598E-02   -2.72914290E-01   1.32903859E-01   8.56501961E+00   1.20819688E-01   9.18904543E-02   1.24009341E-01   1.68287253E+00   1.58737938E+06   7.32051039E+00   1.66856349E+00   1.28659062E+06   6.66755199E+00   1.53582692E+00   1.03078331E+06   6.18832302E+00 
0 1220 1.75222137E-09   1.28017291E-07   3.08346451E-08   1.90614209E-08   4.80236206E-09   8.27211299E-10   4.40339250E-08   9.56739712E+00   -1.37227327E-01   -3.75917330E-02   1.11294471E-01   8.06544685E+00   -9.88919884E-02   -2.72874713E-01   1.33035392E-01   8.54469204E+00   1.15891837E-01   9.22444314E-02   1.24310218E-01   1.68287277E+00   1.58736700E+06   7.32048368E+00   1.66441572E+00   1.27865462E+06   6.65268469E+00   1.53536189E+00   1.02988038E+06   6.18663120E+00 
0 1230 1.74794512E-09   1.25884526E-07   3.11743058E-08   1.86762161E-08   4.75058659E-09   8.29527280E-10   4.39163088E-08   9.56745243E+00   -1.37213171E-01   -3.75487395E-02   1.11295156E-01   8.05942726E+00   -9.82664675E-02   -2.72822738E-01   1.33161858E-01   8.52392960E+00   1.10708527E-01   9.24689546E-02   1.24619067E-01   1.68287253E+00   1.58737475E+06   7.32050037E+00   1.66034186E+00   1.27085638E+06   6.63807535E+00   1.53492296E+00   1.02902812E+06   6.18503475E+00 
0 1240 1.73264236E-09   1.23923954E-07   3.15592743E-08   1.83830888E-08   4.67862460E-09   8.31745395E-10   4.38028671E-08   9.56751442E+00   -1.37206450E-01   -3.75733748E-02   1.11295789E-01   8.05372238E+00   -9.78515297E-02   -2.72709280E-01   1.33283034E-01   8.50322151E+00   1.05289720E-01   9.25689638E-02   1.24929003E-01   1.68287230E+00   1.58739112E+06   7.32053661E+00   1.65636683E+00   1.26324388E+06   6.62381411E+00   1.53451121E+00   1.02822838E+06   6.18353653E+00 
0 1250 1.70383185E-09   1.21951558E-07   3.19572457E-08   1.81664088E-08   4.56700500E-09   8.33871694E-10   4.36922249E-08   9.56755161E+00   -1.37205705E-01   -3.76518816E-02   1.11296661E-01   8.04835987E+00   -9.76256579E-02   -2.72497773E-01   1.33398518E-01   8.48271179E+00   9.96719375E-02   9.25413147E-02   1.25238001E-01   1.68287206E+00   1.58740325E+06   7.32056284E+00   1.65247262E+00   1.25578300E+06   6.60983706E+00   1.53413069E+00   1.02748956E+06   6.18215227E+00 
0 1260 1.66329739E-09   1.19923087E-07   3.23300782E-08   1.79708000E-08   4.41614390E-09   8.35908676E-10   4.35819203E-08   9.56754303E+00   -1.37208179E-01   -3.77574824E-02   1.11297965E-01   8.04337120E+00   -9.75691378E-02   -2.72173107E-01   1.33507848E-01   8.46242046E+00   9.39045921E-02   9.23776925E-02   1.25545695E-01   1.68287206E+00   1.58740012E+06   7.32055616E+00   1.64864421E+00   1.24844512E+06   6.59609032E+00   1.53378785E+00   1.02682369E+06   6.18090487E+00 
0 1270 1.62224745E-09   1.17908264E-07   3.26452891E-08   1.77582269E-08   4.26927382E-09   8.37852177E-10   4.34695195E-08   9.56748104E+00   -1.37210622E-01   -3.78583856E-02   1.11299768E-01   8.03878403E+00   -9.76626724E-02   -2.71743447E-01   1.33610561E-01   8.44236565E+00   8.80118012E-02   9.21104774E-02   1.25851780E-01   1.68287253E+00   1.58737562E+06   7.32050276E+00   1.64487243E+00   1.24121262E+06   6.58254099E+00   1.53348839E+00   1.02624200E+06   6.17981529E+00 
0 1280 1.59096114E-09   1.15990765E-07   3.28810508E-08   1.75045773E-08   4.17134904E-09   8.39705416E-10   4.33548770E-08   9.56737232E+00   -1.37210116E-01   -3.79265361E-02   1.11302003E-01   8.03461552E+00   -9.78877395E-02   -2.71237224E-01   1.33706421E-01   8.42254734E+00   8.20098519E-02   9.17626023E-02   1.26156211E-01   1.68287337E+00   1.58733012E+06   7.32040310E+00   1.64114809E+00   1.23406812E+06   6.56915617E+00   1.53323567E+00   1.02575125E+06   6.17889547E+00 
0 1290 1.57077640E-09   1.14225379E-07   3.30404184E-08   1.71904571E-08   4.12819512E-09   8.41484493E-10   4.32400782E-08   9.56723690E+00   -1.37204885E-01   -3.79447900E-02   1.11304484E-01   8.03086185E+00   -9.82252732E-02   -2.70693481E-01   1.33795425E-01   8.40291691E+00   7.59088695E-02   9.13458169E-02   1.26459703E-01   1.68287456E+00   1.58726938E+06   7.32027054E+00   1.63745892E+00   1.22698812E+06   6.55589294E+00   1.53302956E+00   1.02535094E+06   6.17814589E+00 
0 1300 1.55419977E-09   1.12627937E-07   3.31399299E-08   1.68145924E-08   4.10343581E-09   8.43201231E-10   4.31278586E-08   9.56709766E+00   -1.37194753E-01   -3.79106626E-02   1.11306995E-01   8.02750111E+00   -9.86555591E-02   -2.70149440E-01   1.33877859E-01   8.38340378E+00   6.97263628E-02   9.08742994E-02   1.26763225E-01   1.68287587E+00   1.58720275E+06   7.32012463E+00   1.63379335E+00   1.21995050E+06   6.54270840E+00   1.53286576E+00   1.02503281E+06   6.17754984E+00 
0 1310 1.53276747E-09   1.11173307E-07   3.31901475E-08   1.63995324E-08   4.05604128E-09   8.44871895E-10   4.30192664E-08   9.56697750E+00   -1.37181029E-01   -3.78359221E-02   1.11309320E-01   8.02449608E+00   -9.91593972E-02   -2.69630790E-01   1.33954272E-01   8.36396408E+00   6.34790137E-02   9.03560817E-02   1.27067372E-01   1.68287706E+00   1.58714038E+06   7.31998873E+00   1.63014519E+00   1.21294350E+06   6.52958155E+00   1.53273678E+00   1.02478206E+06   6.17708015E+00 
0 1320 1.50524249E-09   1.09819361E-07   3.31855787E-08   1.59754627E-08   3.97921385E-09   8.46512471E-10   4.29134097E-08   9.56689167E+00   -1.37166142E-01   -3.77424695E-02   1.11311331E-01   8.02179813E+00   -9.97196138E-02   -2.69145429E-01   1.34025291E-01   8.34459972E+00   5.71783334E-02   8.97862837E-02   1.27372101E-01   1.68287802E+00   1.58709038E+06   7.31987953E+00   1.62651610E+00   1.20597038E+06   6.51651812E+00   1.53263319E+00   1.02458106E+06   6.17670345E+00 
0 1330 1.47818136E-09   1.08539219E-07   3.31136150E-08   1.55628168E-08   3.90298682E-09   8.48127235E-10   4.28091518E-08   9.56684399E+00   -1.37152791E-01   -3.76558341E-02   1.11312993E-01   8.01936436E+00   -1.00322962E-01   -2.68682718E-01   1.34091601E-01   8.32533169E+00   5.08419313E-02   8.91534910E-02   1.27677023E-01   1.68287861E+00   1.58705662E+06   7.31980562E+00   1.62291276E+00   1.19904375E+06   6.50354195E+00   1.53254676E+00   1.02441306E+06   6.17638874E+00 
0 1340 1.45904677E-09   1.07330628E-07   3.29690373E-08   1.51715032E-08   3.86218169E-09   8.49715520E-10   4.27069651E-08   9.56682777E+00   -1.37143329E-01   -3.75981107E-02   1.11314379E-01   8.01716042E+00   -1.00959815E-01   -2.68218130E-01   1.34153694E-01   8.30619144E+00   4.44986150E-02   8.84552896E-02   1.27981648E-01   1.68287897E+00   1.58703850E+06   7.31976604E+00   1.61934173E+00   1.19217650E+06   6.49067640E+00   1.53247118E+00   1.02426619E+06   6.17611361E+00 
0 1350 1.44885759E-09   1.06205960E-07   3.27607488E-08   1.48093058E-08   3.86229715E-09   8.51272886E-10   4.26084306E-08   9.56682873E+00   -1.37139022E-01   -3.75823043E-02   1.11315623E-01   8.01516533E+00   -1.01624042E-01   -2.67720670E-01   1.34211868E-01   8.28719902E+00   3.81830521E-02   8.76986310E-02   1.28285572E-01   1.68287909E+00   1.58703100E+06   7.31974936E+00   1.61580575E+00   1.18537412E+06   6.47793293E+00   1.53240371E+00   1.02413531E+06   6.17586851E+00 
0 1360 1.44111545E-09   1.05182693E-07   3.25005125E-08   1.44810457E-08   3.87531385E-09   8.52788618E-10   4.25144080E-08   9.56682682E+00   -1.37139782E-01   -3.76094431E-02   1.11316904E-01   8.01337719E+00   -1.02313846E-01   -2.67161816E-01   1.34266227E-01   8.26835823E+00   3.19246873E-02   8.68921950E-02   1.28588721E-01   1.68287921E+00   1.58702688E+06   7.31974077E+00   1.61230397E+00   1.17863462E+06   6.46530724E+00   1.53234577E+00   1.02402281E+06   6.17565775E+00 
0 1370 1.42763346E-09   1.04274129E-07   3.21963753E-08   1.41876280E-08   3.86653198E-09   8.54255444E-10   4.24252811E-08   9.56680775E+00   -1.37144282E-01   -3.76690850E-02   1.11318357E-01   8.01180649E+00   -1.03030436E-01   -2.66522884E-01   1.34316623E-01   8.24966049E+00   2.57433690E-02   8.60440210E-02   1.28891155E-01   1.68287933E+00   1.58701875E+06   7.31972313E+00   1.60883367E+00   1.17195325E+06   6.45279026E+00   1.53230143E+00   1.02393656E+06   6.17549610E+00 
0 1380 1.40469447E-09   1.03485775E-07   3.18443796E-08   1.39242218E-08   3.82163856E-09   8.55668758E-10   4.23410285E-08   9.56676006E+00   -1.37150407E-01   -3.77429537E-02   1.11320063E-01   8.01047039E+00   -1.03776276E-01   -2.65798479E-01   1.34362832E-01   8.23110485E+00   1.96557045E-02   8.51584077E-02   1.29192814E-01   1.68287969E+00   1.58700112E+06   7.31968403E+00   1.60539317E+00   1.16532675E+06   6.44037628E+00   1.53227592E+00   1.02388700E+06   6.17540312E+00 
0 1390 1.37442613E-09   1.02812294E-07   3.14327622E-08   1.36816363E-08   3.75158171E-09   8.57033278E-10   4.22617212E-08   9.56668377E+00   -1.37155890E-01   -3.78104113E-02   1.11322038E-01   8.00938129E+00   -1.04553886E-01   -2.64997870E-01   1.34404719E-01   8.21270084E+00   1.36811314E-02   8.42358395E-02   1.29493579E-01   1.68288028E+00   1.58697125E+06   7.31961870E+00   1.60198236E+00   1.15875462E+06   6.42806435E+00   1.53227401E+00   1.02388331E+06   6.17539644E+00 
0 1400 1.34171918E-09   1.02243170E-07   3.09498560E-08   1.34483287E-08   3.67833053E-09   8.58360161E-10   4.21870574E-08   9.56658363E+00   -1.37158900E-01   -3.78541835E-02   1.11324213E-01   8.00854397E+00   -1.05364867E-01   -2.64142454E-01   1.34442225E-01   8.19445801E+00   7.84755498E-03   8.32745433E-02   1.29793227E-01   1.68288100E+00   1.58693012E+06   7.31952906E+00   1.59860134E+00   1.15223762E+06   6.41585493E+00   1.53229833E+00   1.02393050E+06   6.17548466E+00 
0 1410 1.31024536E-09   1.01763412E-07   3.03974552E-08   1.32171527E-08   3.61667563E-09   8.59663007E-10   4.21159427E-08   9.56647205E+00   -1.37158513E-01   -3.78647447E-02   1.11326486E-01   8.00794888E+00   -1.06208540E-01   -2.63259649E-01   1.34475529E-01   8.17638206E+00   2.19101412E-03   8.22741687E-02   1.30091622E-01   1.68288195E+00   1.58688175E+06   7.31942368E+00   1.59525049E+00   1.14577625E+06   6.40375042E+00   1.53234839E+00   1.02402781E+06   6.17566729E+00 
0 1420 1.28073152E-09   1.01356534E-07   2.97914724E-08   1.29958195E-08   3.56613294E-09   8.60956473E-10   4.20479154E-08   9.56636333E+00   -1.37154892E-01   -3.78422253E-02   1.11328728E-01   8.00757408E+00   -1.07082687E-01   -2.62375534E-01   1.34504944E-01   8.15848160E+00   -3.25065106E-03   8.12373012E-02   1.30388632E-01   1.68288291E+00   1.58683150E+06   7.31931353E+00   1.59192979E+00   1.13937075E+06   6.39175034E+00   1.53242111E+00   1.02416900E+06   6.17593145E+00 
0 1430 1.25282362E-09   1.01008425E-07   2.91532523E-08   1.27955637E-08   3.52020546E-09   8.62253213E-10   4.19828297E-08   9.56626797E+00   -1.37149125E-01   -3.77955288E-02   1.11330844E-01   8.00738716E+00   -1.07984230E-01   -2.61510462E-01   1.34530991E-01   8.14075947E+00   -8.44655465E-03   8.01687464E-02   1.30684152E-01   1.68288374E+00   1.58678475E+06   7.31921148E+00   1.58863938E+00   1.13302112E+06   6.37985516E+00   1.53251112E+00   1.02434375E+06   6.17625904E+00 
0 1440 1.22721555E-09   1.00707055E-07   2.85004820E-08   1.26274591E-08   3.47662144E-09   8.63559890E-10   4.19208135E-08   9.56619453E+00   -1.37142867E-01   -3.77391540E-02   1.11332774E-01   8.00735474E+00   -1.08908772E-01   -2.60674864E-01   1.34554163E-01   8.12320995E+00   -1.33718662E-02   7.90761113E-02   1.30978242E-01   1.68288457E+00   1.58674575E+06   7.31912661E+00   1.58537817E+00   1.12672562E+06   6.36806107E+00   1.53261244E+00   1.02454075E+06   6.17662811E+00 
0 1450 1.20605348E-09   1.00440637E-07   2.78406116E-08   1.24933628E-08   3.44084850E-09   8.64877614E-10   4.18624637E-08   9.56614208E+00   -1.37137845E-01   -3.76888178E-02   1.11334510E-01   8.00744724E+00   -1.09850481E-01   -2.59867609E-01   1.34574935E-01   8.10583210E+00   -1.80073399E-02   7.79660270E-02   1.31270885E-01   1.68288505E+00   1.58671625E+06   7.31906176E+00   1.58214486E+00   1.12048162E+06   6.35636330E+00   1.53272033E+00   1.02475025E+06   6.17702055E+00 
0 1460 1.19179255E-09   1.00198974E-07   2.71739662E-08   1.23901005E-08   3.42202133E-09   8.66201555E-10   4.18083133E-08   9.56610775E+00   -1.37135372E-01   -3.76571901E-02   1.11336105E-01   8.00764275E+00   -1.10804006E-01   -2.59078503E-01   1.34593621E-01   8.08861637E+00   -2.23377310E-02   7.68440291E-02   1.31562188E-01   1.68288541E+00   1.58669562E+06   7.31901693E+00   1.57893729E+00   1.11428512E+06   6.34475517E+00   1.53283155E+00   1.02496631E+06   6.17742538E+00 
0 1470 1.18458909E-09   9.99729579E-08   2.64991016E-08   1.23136878E-08   3.42266882E-09   8.67522054E-10   4.17586463E-08   9.56608295E+00   -1.37136072E-01   -3.76507938E-02   1.11337617E-01   8.00793076E+00   -1.11764014E-01   -2.58292973E-01   1.34610400E-01   8.07155895E+00   -2.63432860E-02   7.57158995E-02   1.31852195E-01   1.68288577E+00   1.58668138E+06   7.31898594E+00   1.57575393E+00   1.10813312E+06   6.33323002E+00   1.53294539E+00   1.02518750E+06   6.17783976E+00 
0 1480 1.18192867E-09   9.97519294E-08   2.58189523E-08   1.22585551E-08   3.43674866E-09   8.68827621E-10   4.17133954E-08   9.56605816E+00   -1.37139708E-01   -3.76688987E-02   1.11339137E-01   8.00831127E+00   -1.12725988E-01   -2.57495850E-01   1.34625286E-01   8.05465794E+00   -3.00008114E-02   7.45892078E-02   1.32140934E-01   1.68288600E+00   1.58666950E+06   7.31896019E+00   1.57259333E+00   1.10202288E+06   6.32178307E+00   1.53306329E+00   1.02541638E+06   6.17826843E+00 
0 1490 1.17986954E-09   9.95246410E-08   2.51444821E-08   1.22229560E-08   3.45305962E-09   8.70108041E-10   4.16718997E-08   9.56602573E+00   -1.37145340E-01   -3.77043709E-02   1.11340724E-01   8.00879192E+00   -1.13686696E-01   -2.56676108E-01   1.34638205E-01   8.03790951E+00   -3.32909673E-02   7.34713003E-02   1.32428423E-01   1.68288624E+00   1.58665650E+06   7.31893158E+00   1.56945467E+00   1.09595300E+06   6.31041145E+00   1.53318775E+00   1.02565812E+06   6.17872143E+00 
0 1500 1.17523280E-09   9.92804488E-08   2.44896459E-08   1.22042181E-08   3.46261575E-09   8.71357930E-10   4.16327701E-08   9.56598091E+00   -1.37151644E-01   -3.77461463E-02   1.11342415E-01   8.00938129E+00   -1.14642963E-01   -2.55829185E-01   1.34649038E-01   8.02130890E+00   -3.61940339E-02   7.23675489E-02   1.32714704E-01   1.68288648E+00   1.58663950E+06   7.31889439E+00   1.56633723E+00   1.08992200E+06   6.29911327E+00   1.53332186E+00   1.02591862E+06   6.17920923E+00 
0 1510 1.16686072E-09   9.90120697E-08   2.38672921E-08   1.21998260E-08   3.46245210E-09   8.72576678E-10   4.15946815E-08   9.56592274E+00   -1.37157232E-01   -3.77824903E-02   1.11344226E-01   8.01008606E+00   -1.15591630E-01   -2.54959106E-01   1.34657726E-01   8.00485325E+00   -3.87024730E-02   7.12834373E-02   1.32999837E-01   1.68288696E+00   1.58661700E+06   7.31884527E+00   1.56324029E+00   1.08392850E+06   6.28788519E+00   1.53346789E+00   1.02620225E+06   6.17974043E+00 
0 1520 1.15524823E-09   9.87165407E-08   2.32853186E-08   1.22015065E-08   3.45356876E-09   8.73769557E-10   4.15563157E-08   9.56585407E+00   -1.37161016E-01   -3.78041193E-02   1.11346111E-01   8.01090717E+00   -1.16530538E-01   -2.54077375E-01   1.34664312E-01   7.98853493E+00   -4.08090502E-02   7.02242926E-02   1.33283883E-01   1.68288743E+00   1.58658975E+06   7.31878567E+00   1.56016278E+00   1.07797050E+06   6.27672291E+00   1.53362703E+00   1.02651119E+06   6.18031931E+00 
0 1530 1.14172527E-09   9.83933930E-08   2.27459438E-08   1.22059385E-08   3.43763862E-09   8.74943507E-10   4.15169232E-08   9.56578159E+00   -1.37162492E-01   -3.78063470E-02   1.11348026E-01   8.01183891E+00   -1.17457531E-01   -2.53199130E-01   1.34668842E-01   7.97234488E+00   -4.25112247E-02   6.91883415E-02   1.33566976E-01   1.68288803E+00   1.58655925E+06   7.31871891E+00   1.55710292E+00   1.07204450E+06   6.26562166E+00   1.53379858E+00   1.02684444E+06   6.18094349E+00 
0 1540 1.12750609E-09   9.80424275E-08   2.22464234E-08   1.22079316E-08   3.41473694E-09   8.76107631E-10   4.14752250E-08   9.56571198E+00   -1.37161806E-01   -3.77898179E-02   1.11349910E-01   8.01287079E+00   -1.18369043E-01   -2.52340257E-01   1.34671569E-01   7.95627069E+00   -4.38103974E-02   6.81783929E-02   1.33849278E-01   1.68288863E+00   1.58652825E+06   7.31865120E+00   1.55405831E+00   1.06614625E+06   6.25457191E+00   1.53398085E+00   1.02719838E+06   6.18160677E+00 
0 1550 1.11378906E-09   9.76632961E-08   2.17844001E-08   1.22034356E-08   3.38544992E-09   8.77269590E-10   4.14301304E-08   9.56565094E+00   -1.37159631E-01   -3.77598032E-02   1.11351721E-01   8.01398373E+00   -1.19260848E-01   -2.51513660E-01   1.34672716E-01   7.94029903E+00   -4.47113551E-02   6.72020689E-02   1.34130970E-01   1.68288910E+00   1.58649975E+06   7.31858921E+00   1.55102658E+00   1.06027088E+06   6.24356461E+00   1.53417099E+00   1.02756775E+06   6.18229866E+00 
0 1560 1.10202303E-09   9.72530714E-08   2.13586429E-08   1.21900552E-08   3.35318129E-09   8.78435102E-10   4.13806056E-08   9.56560135E+00   -1.37156948E-01   -3.77243571E-02   1.11353412E-01   8.01516151E+00   -1.20128661E-01   -2.50727206E-01   1.34672582E-01   7.92441797E+00   -4.52194773E-02   6.62702248E-02   1.34412244E-01   1.68288958E+00   1.58647562E+06   7.31853628E+00   1.54800546E+00   1.05441388E+06   6.23259211E+00   1.53436625E+00   1.02794694E+06   6.18300915E+00 
0 1570 1.09362841E-09   9.68040865E-08   2.09697415E-08   1.21656090E-08   3.32371330E-09   8.79606332E-10   4.13260040E-08   9.56556511E+00   -1.37154773E-01   -3.76919471E-02   1.11354992E-01   8.01638889E+00   -1.20968379E-01   -2.49982357E-01   1.34671390E-01   7.90861607E+00   -4.53441702E-02   6.53940812E-02   1.34693250E-01   1.68288994E+00   1.58645725E+06   7.31849623E+00   1.54499316E+00   1.04857194E+06   6.22164774E+00   1.53456414E+00   1.02833119E+06   6.18372917E+00 
0 1580 1.08950626E-09   9.63054561E-08   2.06189394E-08   1.21287833E-08   3.30340466E-09   8.80780782E-10   4.12661194E-08   9.56554127E+00   -1.37153849E-01   -3.76692712E-02   1.11356467E-01   8.01765442E+00   -1.21775970E-01   -2.49274269E-01   1.34669319E-01   7.89288568E+00   -4.50990498E-02   6.45812973E-02   1.34974107E-01   1.68289018E+00   1.58644450E+06   7.31846857E+00   1.54198885E+00   1.04274356E+06   6.21072912E+00   1.53476298E+00   1.02871731E+06   6.18445253E+00 
0 1590 1.08970544E-09   9.57477155E-08   2.03102530E-08   1.20829426E-08   3.29677619E-09   8.81954287E-10   4.11994989E-08   9.56552505E+00   -1.37154549E-01   -3.76597978E-02   1.11357868E-01   8.01895237E+00   -1.22548744E-01   -2.48593509E-01   1.34666443E-01   7.87722158E+00   -4.45007607E-02   6.38352409E-02   1.35254905E-01   1.68289030E+00   1.58643625E+06   7.31845045E+00   1.53899276E+00   1.03692938E+06   6.19983673E+00   1.53496206E+00   1.02910406E+06   6.18517685E+00 
0 1600 1.09324416E-09   9.51235393E-08   2.00464889E-08   1.20302150E-08   3.30390493E-09   8.83121076E-10   4.11252792E-08   9.56551266E+00   -1.37156770E-01   -3.76632661E-02   1.11359224E-01   8.02028084E+00   -1.23285227E-01   -2.47929379E-01   1.34662822E-01   7.86162424E+00   -4.35657278E-02   6.31573498E-02   1.35535613E-01   1.68289042E+00   1.58643075E+06   7.31843853E+00   1.53600657E+00   1.03113206E+06   6.18897629E+00   1.53516185E+00   1.02949188E+06   6.18590355E+00 
0 1610 1.09840315E-09   9.44289766E-08   1.98315071E-08   1.19747154E-08   3.32013705E-09   8.84276652E-10   4.10430658E-08   9.56550026E+00   -1.37159973E-01   -3.76762152E-02   1.11360580E-01   8.02164078E+00   -1.23985395E-01   -2.47272342E-01   1.34658456E-01   7.84609699E+00   -4.23119999E-02   6.25458732E-02   1.35816172E-01   1.68289053E+00   1.58642612E+06   7.31842804E+00   1.53303182E+00   1.02535531E+06   6.17815399E+00   1.53536296E+00   1.02988244E+06   6.18663502E+00 
0 1620 1.10296672E-09   9.36619884E-08   1.96675565E-08   1.19190862E-08   3.33658545E-09   8.85418350E-10   4.09520702E-08   9.56548500E+00   -1.37163430E-01   -3.76932062E-02   1.11361958E-01   8.02303600E+00   -1.24650910E-01   -2.46616468E-01   1.34653300E-01   7.83064413E+00   -4.07594964E-02   6.19970262E-02   1.36096492E-01   1.68289065E+00   1.58642062E+06   7.31841612E+00   1.53007066E+00   1.01960281E+06   6.16737700E+00   1.53556657E+00   1.03027781E+06   6.18737602E+00 
0 1630 1.10517451E-09   9.28237256E-08   1.95501855E-08   1.18658789E-08   3.34439654E-09   8.86546503E-10   4.08514396E-08   9.56546497E+00   -1.37166351E-01   -3.77083980E-02   1.11363359E-01   8.02446747E+00   -1.25283659E-01   -2.45960534E-01   1.34647369E-01   7.81526899E+00   -3.89283262E-02   6.15058392E-02   1.36376500E-01   1.68289077E+00   1.58641350E+06   7.31840038E+00   1.52712464E+00   1.01387788E+06   6.15665197E+00   1.53577363E+00   1.03067994E+06   6.18812895E+00 
0 1640 1.10391551E-09   9.19209455E-08   1.94709084E-08   1.18132339E-08   3.33675354E-09   8.87663554E-10   4.07408223E-08   9.56544113E+00   -1.37168139E-01   -3.77170183E-02   1.11364782E-01   8.02593422E+00   -1.25886261E-01   -2.45307252E-01   1.34640694E-01   7.79997396E+00   -3.68388854E-02   6.10669591E-02   1.36656135E-01   1.68289089E+00   1.58640425E+06   7.31838036E+00   1.52419531E+00   1.00818344E+06   6.14598417E+00   1.53598475E+00   1.03108975E+06   6.18889666E+00 
0 1650 1.09885956E-09   9.09619970E-08   1.94166336E-08   1.17551640E-08   3.31016392E-09   8.88774276E-10   4.06200762E-08   9.56541634E+00   -1.37168467E-01   -3.77163887E-02   1.11366220E-01   8.02743626E+00   -1.26461491E-01   -2.44662359E-01   1.34633303E-01   7.78476048E+00   -3.45122702E-02   6.06757663E-02   1.36935323E-01   1.68289113E+00   1.58639362E+06   7.31835747E+00   1.52128375E+00   1.00252162E+06   6.13537741E+00   1.53619981E+00   1.03150731E+06   6.18967915E+00 
0 1660 1.09034937E-09   8.99544546E-08   1.93707965E-08   1.16841337E-08   3.26487681E-09   8.89883667E-10   4.04888780E-08   9.56539249E+00   -1.37167439E-01   -3.77063602E-02   1.11367635E-01   8.02896690E+00   -1.27011791E-01   -2.44032264E-01   1.34625301E-01   7.76963043E+00   -3.19732316E-02   6.03285879E-02   1.37214020E-01   1.68289137E+00   1.58638275E+06   7.31833363E+00   1.51839089E+00   9.96894125E+05   6.12483454E+00   1.53641832E+00   1.03193156E+06   6.19047403E+00 
0 1670 1.07926434E-09   8.89023113E-08   1.93186374E-08   1.15967245E-08   3.20480331E-09   8.90996499E-10   4.03472669E-08   9.56537342E+00   -1.37165383E-01   -3.76890972E-02   1.11369006E-01   8.03052044E+00   -1.27539203E-01   -2.43423000E-01   1.34616762E-01   7.75458574E+00   -2.92465445E-02   6.00247942E-02   1.37492150E-01   1.68289149E+00   1.58637288E+06   7.31831217E+00   1.51551735E+00   9.91302625E+05   6.11435986E+00   1.53663921E+00   1.03236050E+06   6.19127750E+00 
0 1680 1.06674014E-09   8.78054038E-08   1.92517291E-08   1.14901368E-08   3.13628035E-09   8.92115215E-10   4.01954701E-08   9.56536102E+00   -1.37162879E-01   -3.76683213E-02   1.11370318E-01   8.03208923E+00   -1.28045440E-01   -2.42838562E-01   1.34607837E-01   7.73962879E+00   -2.63567772E-02   5.97651377E-02   1.37769639E-01   1.68289173E+00   1.58636525E+06   7.31829548E+00   1.51266468E+00   9.85749750E+05   6.10395670E+00   1.53686142E+00   1.03279181E+06   6.19208574E+00 
0 1690 1.05395004E-09   8.66583747E-08   1.91670608E-08   1.13640599E-08   3.06672532E-09   8.93240704E-10   4.00339033E-08   9.56535530E+00   -1.37160510E-01   -3.76482718E-02   1.11371569E-01   8.03366566E+00   -1.28532067E-01   -2.42279857E-01   1.34598628E-01   7.72476959E+00   -2.33289488E-02   5.95509559E-02   1.38046294E-01   1.68289173E+00   1.58636075E+06   7.31828547E+00   1.50983500E+00   9.80240000E+05   6.09363508E+00   1.53708375E+00   1.03322344E+06   6.19289398E+00 
0 1700 1.04217301E-09   8.54536495E-08   1.90670075E-08   1.12206378E-08   3.00392089E-09   8.94371688E-10   3.98631741E-08   9.56535721E+00   -1.37158766E-01   -3.76326740E-02   1.11372747E-01   8.03524399E+00   -1.29000366E-01   -2.41745025E-01   1.34589210E-01   7.71002436E+00   -2.01873425E-02   5.93818128E-02   1.38321817E-01   1.68289185E+00   1.58635938E+06   7.31828213E+00   1.50703204E+00   9.74780188E+05   6.08340645E+00   1.53730524E+00   1.03365362E+06   6.19369984E+00 
0 1710 1.03254083E-09   8.41831493E-08   1.89562730E-08   1.10659277E-08   2.95406655E-09   8.95506058E-10   3.96834672E-08   9.56536484E+00   -1.37157887E-01   -3.76238897E-02   1.11373872E-01   8.03681946E+00   -1.29451439E-01   -2.41229668E-01   1.34579659E-01   7.69541311E+00   -1.69533361E-02   5.92544638E-02   1.38595819E-01   1.68289173E+00   1.58636088E+06   7.31828547E+00   1.50425994E+00   9.69379125E+05   6.07328844E+00   1.53752565E+00   1.03408131E+06   6.19450140E+00 
0 1720 1.02563413E-09   8.28419999E-08   1.88401650E-08   1.09064198E-08   2.91960256E-09   8.96641206E-10   3.94948749E-08   9.56537628E+00   -1.37157872E-01   -3.76224816E-02   1.11374959E-01   8.03839016E+00   -1.29886493E-01   -2.40728110E-01   1.34570003E-01   7.68095922E+00   -1.36471121E-02   5.91631532E-02   1.38867900E-01   1.68289173E+00   1.58636438E+06   7.31829357E+00   1.50152397E+00   9.64046688E+05   6.06329823E+00   1.53774452E+00   1.03450625E+06   6.19529724E+00 
0 1730 1.02130060E-09   8.14302439E-08   1.87226856E-08   1.07482032E-08   2.89849389E-09   8.97774133E-10   3.92977952E-08   9.56538773E+00   -1.37158483E-01   -3.76272611E-02   1.11376032E-01   8.03995609E+00   -1.30306855E-01   -2.40234628E-01   1.34560272E-01   7.66668606E+00   -1.02872262E-02   5.90993948E-02   1.39137596E-01   1.68289161E+00   1.58636888E+06   7.31830311E+00   1.49882936E+00   9.58793125E+05   6.05345631E+00   1.53796220E+00   1.03492875E+06   6.19608879E+00 
0 1740 1.01840925E-09   7.99543898E-08   1.86041227E-08   1.05932001E-08   2.88397195E-09   8.98902675E-10   3.90926296E-08   9.56539917E+00   -1.37159318E-01   -3.76357213E-02   1.11377113E-01   8.04151821E+00   -1.30713835E-01   -2.39744425E-01   1.34550437E-01   7.65261745E+00   -6.89127063E-03   5.90528101E-02   1.39404461E-01   1.68289149E+00   1.58637325E+06   7.31831264E+00   1.49618101E+00   9.53628000E+05   6.04378033E+00   1.53817892E+00   1.03534950E+06   6.19687700E+00 
0 1750 1.01497044E-09   7.84235965E-08   1.84813604E-08   1.04423554E-08   2.86611601E-09   9.00026054E-10   3.88799783E-08   9.56540680E+00   -1.37159944E-01   -3.76447365E-02   1.11378200E-01   8.04307747E+00   -1.31108940E-01   -2.39254937E-01   1.34540498E-01   7.63877583E+00   -3.47579829E-03   5.90132102E-02   1.39668047E-01   1.68289149E+00   1.58637675E+06   7.31832027E+00   1.49358284E+00   9.48559562E+05   6.03428507E+00   1.53839517E+00   1.03576938E+06   6.19766378E+00 
0 1760 1.00863884E-09   7.68498651E-08   1.83492688E-08   1.02944924E-08   2.83458235E-09   9.01144492E-10   3.86608399E-08   9.56541252E+00   -1.37159988E-01   -3.76513787E-02   1.11379310E-01   8.04463482E+00   -1.31493792E-01   -2.38765582E-01   1.34530455E-01   7.62517834E+00   -5.49920042E-05   5.89716323E-02   1.39927968E-01   1.68289137E+00   1.58637888E+06   7.31832504E+00   1.49103844E+00   9.43594312E+05   6.02498293E+00   1.53861141E+00   1.03618906E+06   6.19845009E+00 
0 1770 9.97489202E-10   7.52447136E-08   1.82011828E-08   1.01466231E-08   2.78207546E-09   9.02259212E-10   3.84363936E-08   9.56541634E+00   -1.37159199E-01   -3.76535989E-02   1.11380436E-01   8.04619122E+00   -1.31869912E-01   -2.38277674E-01   1.34520292E-01   7.61184216E+00   3.35808611E-03   5.89217283E-02   1.40183896E-01   1.68289137E+00   1.58637962E+06   7.31832695E+00   1.48855031E+00   9.38737562E+05   6.01588440E+00   1.53882790E+00   1.03660925E+06   6.19923687E+00 
0 1780 9.80714399E-10   7.36167891E-08   1.80322903E-08   9.99376670E-09   2.70687495E-09   9.03371433E-10   3.82074106E-08   9.56541824E+00   -1.37157574E-01   -3.76506522E-02   1.11381561E-01   8.04774666E+00   -1.32238671E-01   -2.37794027E-01   1.34510040E-01   7.59878111E+00   6.75036898E-03   5.88594265E-02   1.40435457E-01   1.68289137E+00   1.58637975E+06   7.31832695E+00   1.48612082E+00   9.33993812E+05   6.00699759E+00   1.53904462E+00   1.03703006E+06   6.20002556E+00 
0 1790 9.58851887E-10   7.19713569E-08   1.78396995E-08   9.83309434E-09   2.61318855E-09   9.04482655E-10   3.79747469E-08   9.56542206E+00   -1.37155280E-01   -3.76431979E-02   1.11382678E-01   8.04930019E+00   -1.32601127E-01   -2.37318233E-01   1.34499714E-01   7.58601141E+00   1.01089720E-02   5.87838776E-02   1.40682340E-01   1.68289137E+00   1.58637962E+06   7.31832647E+00   1.48375225E+00   9.29367812E+05   5.99833107E+00   1.53926182E+00   1.03745150E+06   6.20081472E+00 
0 1800 9.33512267E-10   7.03096461E-08   1.76234742E-08   9.66497549E-09   2.50943866E-09   9.05593989E-10   3.77393121E-08   9.56542778E+00   -1.37152642E-01   -3.76330093E-02   1.11383766E-01   8.05084896E+00   -1.32957920E-01   -2.36853898E-01   1.34489328E-01   7.57355070E+00   1.34220105E-02   5.86966947E-02   1.40924156E-01   1.68289137E+00   1.58638038E+06   7.31832838E+00   1.48144722E+00   9.24864625E+05   5.98989487E+00   1.53947902E+00   1.03787312E+06   6.20160484E+00 
0 1810 9.06838715E-10   6.86307686E-08   1.73879489E-08   9.49010470E-09   2.40532994E-09   9.06705266E-10   3.75018736E-08   9.56543827E+00   -1.37150019E-01   -3.76224630E-02   1.11384816E-01   8.05239201E+00   -1.33309275E-01   -2.36403897E-01   1.34478942E-01   7.56141710E+00   1.66774690E-02   5.86001240E-02   1.41160473E-01   1.68289137E+00   1.58638238E+06   7.31833267E+00   1.47920883E+00   9.20490562E+05   5.98170042E+00   1.53969610E+00   1.03829431E+06   6.20239401E+00 
0 1820 8.81076878E-10   6.69334597E-08   1.71395058E-08   9.31387945E-09   2.30957165E-09   9.07815878E-10   3.72630886E-08   9.56545162E+00   -1.37147754E-01   -3.76139134E-02   1.11385830E-01   8.05392551E+00   -1.33655131E-01   -2.35969722E-01   1.34468570E-01   7.54963255E+00   1.98645573E-02   5.84966540E-02   1.41390860E-01   1.68289125E+00   1.58638600E+06   7.31834030E+00   1.47704065E+00   9.16252625E+05   5.97376108E+00   1.53991246E+00   1.03871431E+06   6.20318079E+00 
0 1830 8.58015492E-10   6.52179821E-08   1.68840000E-08   9.14248943E-09   2.22776508E-09   9.08924325E-10   3.70235824E-08   9.56546879E+00   -1.37146071E-01   -3.76091115E-02   1.11386813E-01   8.05544853E+00   -1.33994713E-01   -2.35551193E-01   1.34458259E-01   7.53821850E+00   2.29741000E-02   5.83879575E-02   1.41614854E-01   1.68289125E+00   1.58639125E+06   7.31835175E+00   1.47494662E+00   9.12158438E+05   5.96609116E+00   1.54012775E+00   1.03913225E+06   6.20396376E+00 
0 1840 8.38665137E-10   6.34867163E-08   1.66244920E-08   8.98051766E-09   2.16169105E-09   9.10028886E-10   3.67839910E-08   9.56548786E+00   -1.37145042E-01   -3.76088060E-02   1.11387767E-01   8.05695724E+00   -1.34327456E-01   -2.35146761E-01   1.34448037E-01   7.52719784E+00   2.60002222E-02   5.82726933E-02   1.41831979E-01   1.68289113E+00   1.58639762E+06   7.31836605E+00   1.47293043E+00   9.08215688E+05   5.95870447E+00   1.54034173E+00   1.03954750E+06   6.20474148E+00 
0 1850 8.23168811E-10   6.17470093E-08   1.63633089E-08   8.82877238E-09   2.10960649E-09   9.11127784E-10   3.65446873E-08   9.56550694E+00   -1.37144566E-01   -3.76126394E-02   1.11388713E-01   8.05845070E+00   -1.34653121E-01   -2.34753355E-01   1.34437904E-01   7.51659250E+00   2.89376732E-02   5.81476986E-02   1.42041802E-01   1.68289089E+00   1.58640450E+06   7.31838083E+00   1.47099578E+00   9.04431500E+05   5.95161533E+00   1.54055405E+00   1.03995938E+06   6.20551300E+00 
0 1860 8.10663925E-10   6.00100023E-08   1.61001381E-08   8.68539551E-09   2.06670081E-09   9.12219189E-10   3.63061226E-08   9.56552505E+00   -1.37144446E-01   -3.76193412E-02   1.11389667E-01   8.05992985E+00   -1.34971604E-01   -2.34367371E-01   1.34427905E-01   7.50642014E+00   3.17816474E-02   5.80085926E-02   1.42243892E-01   1.68289077E+00   1.58641125E+06   7.31839561E+00   1.46914315E+00   9.00881875E+05   5.94483471E+00   1.54076433E+00   1.04036756E+06   6.20627785E+00 
0 1870 7.94179889E-10   5.83313060E-08   1.58195324E-08   8.53155413E-09   2.00854910E-09   9.13301934E-10   3.60687160E-08   9.56554222E+00   -1.37144402E-01   -3.76271009E-02   1.11390635E-01   8.06139278E+00   -1.35283083E-01   -2.33985633E-01   1.34418026E-01   7.49666548E+00   3.44886519E-02   5.78578748E-02   1.42438486E-01   1.68289065E+00   1.58641725E+06   7.31840897E+00   1.46733379E+00   8.98205250E+05   5.93831062E+00   1.54097283E+00   1.04077206E+06   6.20703554E+00 
0 1880 7.76050224E-10   5.66720217E-08   1.55314854E-08   8.37781133E-09   1.94511562E-09   9.14375020E-10   3.58323575E-08   9.56555557E+00   -1.37144193E-01   -3.76340933E-02   1.11391619E-01   8.06284142E+00   -1.35588154E-01   -2.33605981E-01   1.34408265E-01   7.48740053E+00   3.70532386E-02   5.76876737E-02   1.42624170E-01   1.68289065E+00   1.58642225E+06   7.31841993E+00   1.46560752E+00   8.95651125E+05   5.93208551E+00   1.54117942E+00   1.04117319E+06   6.20778704E+00 
0 1890 7.58867025E-10   5.50366686E-08   1.52337414E-08   8.22232327E-09   1.88471971E-09   9.15438336E-10   3.55972212E-08   9.56556702E+00   -1.37143642E-01   -3.76389399E-02   1.11392625E-01   8.06427574E+00   -1.35887727E-01   -2.33227566E-01   1.34398609E-01   7.47867203E+00   3.94953899E-02   5.74975312E-02   1.42799988E-01   1.68289053E+00   1.58642612E+06   7.31842804E+00   1.46397197E+00   8.93230625E+05   5.92618561E+00   1.54138470E+00   1.04157144E+06   6.20853329E+00 
0 1900 7.38923034E-10   5.34351088E-08   1.49290909E-08   8.06458811E-09   1.81491955E-09   9.16492049E-10   3.53641560E-08   9.56557751E+00   -1.37142673E-01   -3.76410261E-02   1.11393638E-01   8.06569862E+00   -1.36182621E-01   -2.32851192E-01   1.34389043E-01   7.47045708E+00   4.18334901E-02   5.72864451E-02   1.42966300E-01   1.68289053E+00   1.58642912E+06   7.31843472E+00   1.46242285E+00   8.90937500E+05   5.92059660E+00   1.54158890E+00   1.04196769E+06   6.20927572E+00 
0 1910 7.15057957E-10   5.18838235E-08   1.46214019E-08   7.90826604E-09   1.73463011E-09   9.17536103E-10   3.51337306E-08   9.56558704E+00   -1.37141377E-01   -3.76405716E-02   1.11394659E-01   8.06711102E+00   -1.36473522E-01   -2.32478976E-01   1.34379536E-01   7.46273994E+00   4.40814681E-02   5.70519157E-02   1.43123329E-01   1.68289042E+00   1.58643162E+06   7.31844044E+00   1.46095979E+00   8.88771312E+05   5.91531706E+00   1.54179239E+00   1.04236250E+06   6.21001530E+00 
0 1920 6.88326784E-10   5.03913782E-08   1.43145407E-08   7.75933628E-09   1.65049541E-09   9.18570719E-10   3.49062752E-08   9.56559753E+00   -1.37139916E-01   -3.76385227E-02   1.11395665E-01   8.06851292E+00   -1.36760980E-01   -2.32113585E-01   1.34370118E-01   7.45551777E+00   4.62461971E-02   5.67994229E-02   1.43271074E-01   1.68289042E+00   1.58643438E+06   7.31844616E+00   1.45958328E+00   8.86733000E+05   5.91034842E+00   1.54199529E+00   1.04275625E+06   6.21075296E+00 
0 1930 6.60722643E-10   4.89564798E-08   1.40121283E-08   7.62242891E-09   1.57064095E-09   9.19596510E-10   3.46822020E-08   9.56560898E+00   -1.37138531E-01   -3.76362056E-02   1.11396663E-01   8.06990433E+00   -1.37045205E-01   -2.31757641E-01   1.34360760E-01   7.44878721E+00   4.83306460E-02   5.65354414E-02   1.43409565E-01   1.68289030E+00   1.58643750E+06   7.31845331E+00   1.45829368E+00   8.84822875E+05   5.90569305E+00   1.54219770E+00   1.04314900E+06   6.21148872E+00 
0 1940 6.34621466E-10   4.75735860E-08   1.37173197E-08   7.49964091E-09   1.50159118E-09   9.20613918E-10   3.44618378E-08   9.56562233E+00   -1.37137443E-01   -3.76349427E-02   1.11397646E-01   8.07128429E+00   -1.37326211E-01   -2.31413037E-01   1.34351507E-01   7.44254112E+00   5.03345728E-02   5.62645085E-02   1.43538877E-01   1.68289030E+00   1.58644138E+06   7.31846142E+00   1.45709109E+00   8.83041562E+05   5.90135145E+00   1.54239941E+00   1.04354025E+06   6.21222162E+00 
0 1950 6.12170648E-10   4.62400536E-08   1.34321789E-08   7.39433714E-09   1.44626733E-09   9.21622889E-10   3.42452395E-08   9.56563568E+00   -1.37136772E-01   -3.76356877E-02   1.11398615E-01   8.07264996E+00   -1.37603760E-01   -2.31080472E-01   1.34342343E-01   7.43677664E+00   5.22558689E-02   5.59904426E-02   1.43659055E-01   1.68289018E+00   1.58644600E+06   7.31847143E+00   1.45597625E+00   8.81389750E+05   5.89732504E+00   1.54259992E+00   1.04392931E+06   6.21295071E+00 
0 1960 5.94742033E-10   4.49587567E-08   1.31562281E-08   7.30624850E-09   1.40410483E-09   9.22622923E-10   3.40322295E-08   9.56564999E+00   -1.37136608E-01   -3.76388021E-02   1.11399576E-01   8.07400131E+00   -1.37877554E-01   -2.30759233E-01   1.34333327E-01   7.43148994E+00   5.40918633E-02   5.57164438E-02   1.43770114E-01   1.68289006E+00   1.58645088E+06   7.31848240E+00   1.45494938E+00   8.79868188E+05   5.89361668E+00   1.54279888E+00   1.04431525E+06   6.21367359E+00 
0 1970 5.82534854E-10   4.37368861E-08   1.28857183E-08   7.22845916E-09   1.37237510E-09   9.23613352E-10   3.38225021E-08   9.56566334E+00   -1.37136891E-01   -3.76439877E-02   1.11400545E-01   8.07533455E+00   -1.38147369E-01   -2.30447546E-01   1.34324476E-01   7.42667770E+00   5.58406450E-02   5.54448590E-02   1.43872112E-01   1.68288994E+00   1.58645588E+06   7.31849337E+00   1.45401049E+00   8.78476875E+05   5.89022541E+00   1.54299581E+00   1.04469731E+06   6.21438932E+00 
0 1980 5.74541525E-10   4.25833520E-08   1.26154900E-08   7.15154291E-09   1.34743050E-09   9.24593457E-10   3.36157200E-08   9.56567574E+00   -1.37137473E-01   -3.76504362E-02   1.11401521E-01   8.07664967E+00   -1.38413116E-01   -2.30142906E-01   1.34315819E-01   7.42233133E+00   5.75015023E-02   5.51775806E-02   1.43965170E-01   1.68288994E+00   1.58646062E+06   7.31850338E+00   1.45315874E+00   8.77214438E+05   5.88714838E+00   1.54319036E+00   1.04507488E+06   6.21509647E+00 
0 1990 5.68804559E-10   4.15047232E-08   1.23399539E-08   7.06739645E-09   1.32544564E-09   9.25562682E-10   3.34115740E-08   9.56568623E+00   -1.37138188E-01   -3.76570858E-02   1.11402512E-01   8.07794762E+00   -1.38674915E-01   -2.29842812E-01   1.34307325E-01   7.41843843E+00   5.90757579E-02   5.49157374E-02   1.44049466E-01   1.68288982E+00   1.58646475E+06   7.31851244E+00   1.45239198E+00   8.76077812E+05   5.88437796E+00   1.54338264E+00   1.04544788E+06   6.21579552E+00 
0 2000 5.62849156E-10   4.05044212E-08   1.20574182E-08   6.97231561E-09   1.30215250E-09   9.26520805E-10   3.32096697E-08   9.56569481E+00   -1.37138858E-01   -3.76629382E-02   1.11403510E-01   8.07922745E+00   -1.38932958E-01   -2.29545057E-01   1.34298995E-01   7.41498470E+00   6.05641007E-02   5.46598546E-02   1.44125283E-01   1.68288970E+00   1.58646825E+06   7.31852007E+00   1.45170712E+00   8.75062562E+05   5.88190317E+00   1.54357266E+00   1.04581656E+06   6.21648598E+00 
